-0.25,90,90
0.005,90,90
0.01,135.00,91.01
0.01,135.00,91.00
0.02,135.00,91.14
0.02,135.00,91.11
0.03,135.00,90.96
0.03,135.00,91.09
0.04,135.00,91.13
0.04,135.00,91.16
0.05,135.00,91.10
0.05,135.00,91.23
0.06,135.00,91.20
0.06,135.00,91.19
0.07,135.00,91.27
0.07,135.00,91.30
0.08,135.00,91.28
0.08,135.00,91.31
0.09,135.00,91.38
0.09,135.00,91.52
0.10,135.00,91.37
0.10,135.00,91.39
0.11,135.00,91.29
0.11,135.00,91.30
0.12,135.00,91.29
0.12,135.00,91.35
0.13,135.00,91.39
0.13,135.00,91.50
0.14,135.00,91.60
0.14,135.00,91.67
0.15,135.00,91.49
0.15,135.00,91.57
0.16,135.00,91.64
0.17,135.00,91.77
0.17,135.00,91.71
0.18,135.00,91.88
0.18,135.00,91.93
0.19,135.00,91.96
0.19,135.00,91.75
0.20,135.00,91.91
0.20,135.00,91.90
0.21,135.00,92.04
0.21,135.00,91.97
0.22,135.00,92.09
0.22,135.00,92.19
0.23,135.00,92.20
0.23,135.00,92.17
0.24,135.00,92.16
0.24,135.00,92.14
0.25,135.00,92.18
0.25,135.00,92.41
0.26,135.00,92.42
0.26,135.00,92.32
0.27,135.00,92.38
0.27,135.00,92.32
0.28,135.00,92.37
0.28,135.00,92.75
0.29,135.00,92.56
0.29,135.00,92.72
0.30,135.00,92.66
0.30,135.00,92.79
0.31,135.00,92.69
0.31,135.00,92.68
0.32,135.00,92.75
0.32,135.00,92.75
0.33,135.00,92.83
0.34,135.00,93.01
0.34,135.00,93.03
0.35,135.00,92.94
0.35,135.00,92.77
0.35,135.00,93.04
0.36,135.00,93.22
0.37,135.00,93.52
0.37,135.00,93.38
0.37,135.00,93.67
0.38,135.00,93.46
0.39,135.00,93.40
0.39,135.00,93.58
0.40,135.00,93.57
0.40,135.00,93.56
0.41,135.00,93.90
0.41,135.00,94.21
0.42,135.00,94.16
0.42,135.00,94.06
0.43,135.00,94.31
0.43,135.00,94.15
0.44,135.00,94.31
0.44,135.00,94.15
0.45,135.00,94.52
0.45,135.00,94.42
0.46,135.00,94.59
0.46,135.00,94.65
0.47,135.00,94.92
0.47,135.00,94.81
0.48,135.00,94.97
0.48,135.00,94.95
0.49,135.00,95.30
0.49,135.00,95.48
0.50,135.00,95.71
0.50,135.00,95.59
0.51,135.00,95.58
0.51,135.00,95.59
0.52,135.00,96.10
0.52,135.00,96.12
0.53,135.00,96.25
0.53,135.00,96.47
0.54,135.00,96.38
0.54,135.00,96.69
0.55,135.00,96.90
0.55,135.00,96.95
0.56,135.00,97.08
0.56,135.00,97.36
0.57,135.00,97.60
0.57,135.00,97.67
0.58,135.00,97.85
0.58,135.00,97.65
0.59,135.00,97.68
0.60,135.00,98.00
0.60,135.00,98.06
0.61,135.00,98.39
0.61,135.00,98.65
0.62,135.00,98.61
0.62,135.00,98.76
0.63,135.00,99.26
0.63,135.00,99.49
0.64,135.00,99.99
0.64,135.00,100.26
0.65,135.00,100.40
0.65,135.00,100.47
0.66,135.00,100.87
0.66,135.00,100.96
0.67,135.00,101.00
0.67,135.00,101.17
0.68,135.00,101.49
0.68,135.00,101.41
0.69,135.00,101.89
0.69,135.00,101.99
0.70,135.00,102.50
0.70,135.00,102.61
0.71,135.00,102.84
0.71,135.00,103.15
0.72,135.00,102.99
0.72,135.00,103.28
0.73,135.00,103.56
0.73,135.00,103.86
0.74,135.00,104.02
0.74,135.00,104.27
0.75,135.00,104.55
0.76,135.00,105.29
0.76,135.00,105.55
0.77,135.00,105.76
0.77,135.00,105.82
0.78,135.00,106.29
0.78,135.00,106.41
0.79,135.00,106.77
0.79,135.00,107.13
0.80,135.00,107.25
0.81,135.00,107.29
0.81,135.00,107.83
0.82,135.00,107.97
0.82,135.00,108.11
0.83,135.00,108.49
0.83,135.00,108.71
0.84,135.00,108.96
0.84,135.00,109.61
0.85,135.00,110.01
0.85,135.00,110.03
0.86,135.00,110.22
0.86,135.00,110.43
0.87,135.00,110.68
0.87,135.00,110.99
0.88,135.00,111.10
0.88,135.00,111.43
0.89,135.00,111.46
0.89,135.00,111.53
0.90,135.00,111.77
0.90,135.00,111.77
0.91,135.00,112.27
0.91,135.00,112.39
0.92,135.00,112.79
0.92,135.00,112.91
0.93,135.00,113.27
0.93,135.00,113.48
0.94,135.00,113.93
0.94,135.00,113.94
0.95,135.00,114.20
0.95,135.00,114.37
0.96,135.00,114.45
0.97,135.00,114.91
0.97,135.00,115.37
0.98,135.00,115.61
0.98,135.00,115.71
0.99,135.00,115.56
0.99,135.00,116.11
1.00,135.00,116.15
1.00,135.00,116.13
1.01,135.00,116.27
1.01,135.00,116.62
1.02,135.00,116.66
1.02,135.00,117.12
1.03,135.00,117.35
1.04,135.00,117.25
1.04,135.00,117.64
1.05,135.00,117.64
1.05,135.00,117.83
1.06,135.00,118.11
1.06,135.00,118.25
1.07,135.00,118.35
1.07,135.00,118.64
1.08,135.00,118.85
1.08,135.00,119.03
1.09,135.00,119.20
1.09,135.00,119.34
1.10,135.00,119.41
1.10,135.00,119.42
1.11,135.00,119.68
1.11,135.00,119.97
1.12,135.00,120.25
1.12,135.00,120.19
1.13,135.00,120.40
1.13,135.00,120.65
1.14,135.00,120.63
1.14,135.00,120.72
1.15,135.00,120.83
1.15,135.00,121.00
1.16,135.00,121.26
1.16,135.00,121.22
1.17,135.00,121.37
1.18,135.00,121.51
1.18,135.00,121.61
1.19,135.00,121.71
1.19,135.00,121.87
1.20,135.00,122.00
1.20,135.00,122.15
1.21,135.00,122.27
1.21,135.00,122.58
1.22,135.00,122.56
1.23,135.00,122.72
1.23,135.00,122.88
1.24,135.00,122.66
1.24,135.00,123.03
1.25,135.00,123.22
1.25,135.00,123.14
1.26,135.00,123.14
1.26,135.00,123.38
1.27,135.00,123.46
1.27,135.00,123.35
1.28,135.00,123.46
1.28,135.00,123.46
1.29,135.00,123.33
1.29,135.00,123.50
1.30,135.00,123.49
1.30,135.00,123.53
1.31,135.00,123.43
1.31,135.00,123.42
1.32,135.00,123.46
1.32,135.00,123.36
1.33,135.00,123.37
1.33,135.00,123.28
1.34,135.00,123.13
1.34,135.00,123.26
1.35,135.00,123.26
1.35,135.00,123.27
1.36,135.00,123.31
1.37,135.00,123.30
1.37,135.00,123.44
1.37,135.00,123.20
1.38,135.00,123.27
1.38,135.00,123.16
1.39,135.00,123.10
1.39,135.00,123.00
1.40,135.00,122.95
1.41,135.00,123.02
1.41,135.00,122.99
1.42,135.00,122.83
1.42,135.00,122.74
1.43,135.00,122.57
1.43,135.00,122.49
1.44,135.00,122.32
1.44,135.00,122.20
1.45,135.00,122.13
1.45,135.00,121.96
1.46,135.00,121.85
1.46,135.00,121.70
1.47,135.00,121.54
1.47,135.00,121.41
1.48,135.00,121.17
1.49,135.00,121.03
1.49,135.00,121.00
1.50,135.00,120.72
1.50,135.00,120.57
1.51,135.00,120.50
1.51,135.00,120.37
1.52,135.00,120.16
1.52,135.00,119.97
1.53,135.00,119.77
1.53,135.00,119.60
1.54,135.00,119.34
1.54,135.00,119.23
1.55,135.00,119.04
1.55,135.00,118.80
1.56,135.00,118.66
1.56,135.00,118.46
1.57,135.00,118.25
1.58,135.00,118.10
1.58,135.00,117.98
1.59,135.00,117.75
1.59,135.00,117.63
1.60,135.00,117.45
1.60,135.00,117.22
1.61,135.00,116.97
1.61,135.00,116.70
1.62,135.00,116.59
1.62,135.00,116.37
1.63,135.00,116.13
1.63,135.00,115.93
1.64,135.00,115.73
1.64,135.00,115.51
1.65,135.00,115.27
1.65,135.00,114.82
1.66,135.00,114.64
1.67,135.00,114.34
1.67,135.00,114.19
1.68,135.00,113.96
1.68,135.00,113.71
1.69,135.00,113.40
1.69,135.00,113.27
1.70,135.00,113.05
1.70,135.00,112.83
1.71,135.00,112.28
1.72,135.00,112.05
1.72,135.00,111.78
1.73,135.00,111.53
1.73,135.00,111.28
1.74,135.00,111.03
1.74,135.00,110.72
1.75,135.00,110.54
1.76,135.00,110.20
1.76,135.00,109.91
1.77,135.00,109.58
1.77,135.00,109.30
1.78,135.00,109.04
1.78,135.00,108.80
1.79,135.00,108.64
1.79,135.00,108.49
1.80,135.00,108.14
1.80,135.00,108.00
1.81,135.00,107.37
1.82,135.00,107.22
1.82,135.00,106.96
1.83,135.00,106.60
1.83,135.00,106.31
1.84,135.00,106.04
1.84,135.00,105.70
1.85,135.00,105.52
1.85,135.00,105.24
1.86,135.00,105.01
1.86,135.00,104.88
1.87,135.00,104.34
1.88,135.00,104.08
1.88,135.00,103.86
1.89,135.00,103.65
1.89,135.00,103.38
1.90,135.00,103.00
1.90,135.00,102.82
1.91,135.00,102.71
1.91,135.00,102.31
1.92,135.00,101.97
1.93,135.00,101.74
1.93,135.00,101.62
1.94,135.00,101.43
1.94,135.00,101.14
1.95,135.00,100.79
1.95,135.00,100.62
1.96,135.00,100.38
1.96,135.00,100.10
1.97,135.00,99.79
1.98,135.00,99.55
1.98,135.00,99.13
1.99,135.00,99.03
1.99,135.00,98.73
2.00,135.00,98.49
2.00,135.00,98.13
2.01,135.00,97.99
2.01,135.00,97.94
2.02,135.00,97.66
2.02,135.00,97.71
2.03,135.00,97.47
2.03,135.00,97.35
2.04,135.00,97.25
2.04,135.00,97.01
2.05,135.00,96.85
2.05,135.00,96.76
2.06,135.00,96.60
2.06,135.00,96.53
2.07,135.00,96.40
2.07,135.00,96.51
2.08,135.00,96.53
2.09,135.00,96.35
2.09,135.00,96.13
2.10,135.00,96.19
2.10,135.00,95.79
2.11,135.00,95.84
2.11,135.00,95.59
2.12,135.00,95.67
2.12,135.00,95.55
2.13,135.00,95.24
2.13,135.00,95.12
2.14,135.00,95.21
2.14,135.00,95.24
2.15,135.00,95.19
2.15,135.00,95.19
2.16,135.00,95.27
2.16,135.00,94.92
2.17,135.00,95.05
2.17,135.00,94.96
2.18,135.00,94.74
2.18,135.00,94.80
2.19,135.00,94.71
2.19,135.00,94.75
2.20,135.00,94.87
2.20,135.00,94.87
2.21,135.00,95.05
2.21,135.00,94.96
2.22,135.00,95.15
2.22,135.00,94.99
2.23,135.00,94.89
2.23,135.00,95.16
2.24,135.00,95.23
2.24,135.00,95.15
2.25,135.00,95.22
2.25,135.00,95.39
2.26,135.00,95.44
2.26,135.00,95.47
2.27,135.00,95.30
2.27,135.00,95.48
2.28,135.00,95.41
2.28,135.00,95.43
2.29,135.00,95.40
2.29,135.00,95.34
2.30,135.00,95.49
2.31,135.00,95.50
2.31,135.00,95.56
2.32,135.00,95.65
2.32,135.00,95.83
2.33,135.00,95.87
2.33,135.00,95.70
2.34,135.00,95.64
2.34,135.00,95.78
2.35,135.00,95.98
2.35,135.00,96.07
2.36,135.00,96.40
2.36,135.00,96.29
2.37,135.00,96.66
2.37,135.00,96.58
2.38,135.00,96.51
2.38,135.00,96.79
2.39,135.00,96.89
2.39,135.00,96.84
2.40,135.00,96.70
2.40,135.00,96.74
2.41,135.00,96.92
2.41,135.00,96.75
2.42,135.00,96.98
2.42,135.00,96.84
2.43,135.00,97.13
2.43,135.00,97.26
2.44,135.00,97.56
2.44,135.00,97.60
2.45,135.00,97.91
2.45,135.00,97.84
2.46,135.00,98.05
2.46,135.00,97.95
2.47,135.00,98.30
2.47,135.00,98.38
2.48,135.00,98.71
2.48,135.00,98.95
2.49,135.00,98.95
2.49,135.00,99.39
2.50,135.00,99.45
2.50,135.00,99.84
2.51,135.00,99.87
2.52,135.00,100.05
2.52,135.00,100.15
2.53,135.00,100.30
2.53,135.00,100.78
2.54,135.00,101.03
2.54,135.00,101.28
2.55,135.00,101.68
2.55,135.00,101.77
2.56,135.00,101.96
2.56,135.00,102.45
2.57,135.00,102.28
2.57,135.00,102.63
2.58,135.00,102.61
2.58,135.00,102.87
2.59,135.00,103.24
2.59,135.00,103.45
2.60,135.00,103.89
2.60,135.00,103.95
2.61,135.00,104.01
2.61,135.00,104.32
2.62,135.00,105.00
2.63,135.00,105.19
2.63,135.00,105.71
2.64,135.00,106.00
2.64,135.00,106.35
2.65,135.00,106.60
2.65,135.00,106.82
2.66,135.00,107.06
2.66,135.00,107.30
2.67,135.00,107.81
2.67,135.00,108.01
2.68,135.00,108.36
2.68,135.00,108.45
2.69,135.00,108.75
2.69,135.00,108.81
2.70,135.00,109.25
2.70,135.00,109.27
2.71,135.00,109.62
2.71,135.00,109.93
2.72,135.00,110.08
2.73,135.00,110.35
2.73,135.00,110.72
2.74,135.00,111.12
2.74,135.00,111.21
2.75,135.00,111.31
2.75,135.00,111.47
2.76,135.00,112.05
2.76,135.00,112.12
2.77,135.00,112.54
2.77,135.00,112.83
2.78,135.00,113.12
2.78,135.00,113.41
2.79,135.00,113.59
2.79,135.00,113.78
2.80,135.00,114.18
2.81,135.00,114.54
2.81,135.00,114.80
2.82,135.00,114.85
2.82,135.00,115.30
2.83,135.00,115.54
2.83,135.00,115.76
2.84,135.00,115.91
2.84,135.00,115.95
2.85,135.00,116.36
2.85,135.00,116.50
2.86,135.00,116.75
2.87,135.00,117.21
2.87,135.00,117.35
2.88,135.00,117.39
2.88,135.00,117.54
2.89,135.00,117.58
2.89,135.00,117.76
2.90,135.00,117.97
2.90,135.00,117.92
2.91,135.00,118.36
2.91,135.00,118.67
2.92,135.00,118.97
2.92,135.00,119.06
2.93,135.00,119.43
2.93,135.00,119.54
2.94,135.00,119.99
2.94,135.00,120.12
2.95,135.00,120.37
2.95,135.00,120.40
2.96,135.00,120.59
2.96,135.00,120.77
2.97,135.00,120.86
2.97,135.00,121.22
2.98,135.00,121.33
2.98,135.00,121.49
2.99,135.00,121.49
3.00,135.00,121.64
3.00,135.00,121.99
3.01,135.00,121.99
3.01,135.00,121.90
3.02,135.00,122.08
3.02,135.00,122.02
3.03,135.00,122.13
3.03,135.00,122.27
3.04,135.00,122.46
3.04,135.00,122.48
3.05,135.00,122.52
3.06,135.00,122.77
3.06,135.00,122.84
3.07,135.00,122.85
3.07,135.00,123.08
3.08,135.00,123.27
3.08,135.00,123.27
3.09,135.00,123.47
3.09,135.00,123.59
3.10,135.00,123.75
3.10,135.00,123.69
3.11,135.00,123.96
3.12,135.00,123.83
3.12,135.00,123.96
3.13,135.00,123.96
3.13,135.00,124.04
3.14,135.00,124.16
3.14,135.00,124.28
3.15,135.00,124.20
3.15,135.00,124.20
3.16,135.00,124.50
3.16,135.00,124.33
3.17,135.00,124.36
3.17,135.00,124.24
3.18,135.00,124.08
3.19,135.00,124.26
3.19,135.00,124.08
3.20,135.00,124.01
3.20,135.00,123.94
3.21,135.00,123.99
3.21,135.00,123.89
3.22,135.00,123.84
3.22,135.00,123.90
3.23,135.00,123.71
3.23,135.00,123.68
3.24,135.00,123.51
3.24,135.00,123.51
3.25,135.00,123.54
3.25,135.00,123.34
3.26,135.00,123.40
3.26,135.00,123.35
3.27,135.00,123.31
3.27,135.00,123.27
3.28,135.00,123.20
3.29,135.00,123.13
3.29,135.00,122.98
3.30,135.00,122.84
3.30,135.00,122.79
3.31,135.00,122.65
3.31,135.00,122.44
3.32,135.00,122.38
3.32,135.00,122.31
3.33,135.00,122.07
3.33,135.00,121.90
3.34,135.00,121.74
3.34,135.00,121.61
3.35,135.00,121.42
3.35,135.00,121.29
3.36,135.00,121.14
3.36,135.00,120.95
3.37,135.00,120.77
3.37,135.00,120.61
3.38,135.00,120.39
3.38,135.00,120.26
3.39,135.00,120.06
3.39,135.00,119.92
3.40,135.00,119.79
3.40,135.00,119.66
3.41,135.00,119.44
3.41,135.00,119.25
3.42,135.00,119.09
3.42,135.00,118.92
3.43,135.00,118.72
3.43,135.00,118.58
3.44,135.00,118.34
3.44,135.00,118.04
3.45,135.00,117.86
3.46,135.00,117.66
3.46,135.00,117.40
3.47,135.00,117.17
3.47,135.00,117.04
3.48,135.00,116.73
3.48,135.00,116.52
3.49,135.00,116.22
3.49,135.00,115.95
3.50,135.00,115.76
3.50,135.00,115.54
3.51,135.00,115.29
3.51,135.00,115.07
3.52,135.00,114.78
3.52,135.00,114.48
3.53,135.00,114.23
3.53,135.00,113.94
3.54,135.00,113.66
3.54,135.00,113.43
3.55,135.00,113.31
3.55,135.00,112.97
3.56,135.00,112.76
3.56,135.00,112.56
3.57,135.00,112.41
3.57,135.00,112.10
3.58,135.00,111.78
3.58,135.00,111.56
3.59,135.00,111.35
3.60,135.00,110.78
3.60,135.00,110.59
3.61,135.00,110.38
3.61,135.00,110.08
3.62,135.00,109.92
3.62,135.00,109.66
3.63,135.00,109.36
3.63,135.00,109.21
3.64,135.00,108.95
3.64,135.00,108.63
3.65,135.00,108.34
3.66,135.00,108.13
3.66,135.00,107.89
3.67,135.00,107.68
3.67,135.00,107.49
3.68,135.00,107.20
3.68,135.00,106.95
3.69,135.00,106.70
3.69,135.00,106.39
3.70,135.00,106.18
3.70,135.00,106.00
3.71,135.00,105.77
3.71,135.00,105.62
3.72,135.00,105.44
3.72,135.00,105.17
3.73,135.00,104.97
3.73,135.00,104.82
3.74,135.00,104.62
3.74,135.00,104.45
3.75,135.00,104.39
3.75,135.00,104.08
3.76,135.00,103.95
3.76,135.00,103.62
3.77,135.00,103.40
3.77,135.00,103.07
3.78,135.00,102.92
3.79,135.00,102.40
3.79,135.00,102.22
3.80,135.00,101.96
3.80,135.00,101.68
3.81,135.00,101.52
3.81,135.00,101.28
3.82,135.00,101.05
3.82,135.00,100.61
3.83,135.00,100.63
3.83,135.00,100.36
3.84,135.00,100.16
3.85,135.00,99.83
3.85,135.00,99.75
3.86,135.00,99.52
3.86,135.00,99.28
3.87,135.00,99.11
3.87,135.00,98.95
3.88,135.00,98.68
3.88,135.00,98.60
3.89,135.00,98.09
3.89,135.00,98.00
3.90,135.00,97.78
3.90,135.00,97.74
3.91,135.00,97.44
3.91,135.00,97.26
3.92,135.00,97.08
3.93,135.00,96.89
3.93,135.00,96.69
3.94,135.00,96.40
3.94,135.00,96.43
3.95,135.00,96.43
3.95,135.00,96.36
3.96,135.00,96.42
3.96,135.00,96.04
3.97,135.00,96.12
3.97,135.00,95.73
3.98,135.00,95.37
3.98,135.00,95.12
3.99,135.00,95.19
3.99,135.00,94.89
4.00,135.00,94.91
4.00,135.00,94.76
4.01,135.00,94.69
4.01,135.00,94.39
4.02,135.00,94.21
4.02,135.00,94.27
4.03,135.00,94.59
4.03,135.00,94.59
4.04,135.00,94.58
4.04,135.00,94.42
4.05,135.00,94.42
4.05,135.00,94.44
4.06,135.00,94.55
4.06,135.00,94.38
4.07,135.00,94.54
4.07,135.00,94.74
4.08,135.00,94.72
4.08,135.00,94.67
4.09,135.00,94.76
4.09,135.00,94.92
4.10,135.00,94.90
4.10,135.00,94.92
4.11,135.00,94.68
4.11,135.00,94.72
4.12,135.00,94.50
4.12,135.00,94.72
4.13,135.00,94.66
4.14,135.00,94.95
4.14,135.00,94.89
4.15,135.00,95.41
4.15,135.00,95.42
4.16,135.00,95.36
4.16,135.00,95.42
4.17,135.00,95.61
4.17,135.00,95.77
4.18,135.00,95.60
4.18,135.00,95.70
4.19,135.00,95.65
4.19,135.00,96.03
4.20,135.00,96.06
4.20,135.00,95.93
4.21,135.00,95.89
4.21,135.00,95.95
4.22,135.00,96.18
4.22,135.00,96.18
4.23,135.00,96.60
4.23,135.00,96.94
4.24,135.00,97.10
4.24,135.00,97.00
4.25,135.00,97.16
4.25,135.00,97.13
4.26,135.00,97.24
4.26,135.00,97.36
4.27,135.00,97.77
4.27,135.00,97.91
4.28,135.00,98.08
4.28,135.00,97.89
4.29,135.00,98.06
4.29,135.00,98.19
4.30,135.00,98.61
4.30,135.00,98.75
4.31,135.00,98.86
4.31,135.00,98.87
4.32,135.00,99.25
4.32,135.00,99.11
4.33,135.00,99.15
4.33,135.00,99.41
4.34,135.00,99.63
4.34,135.00,99.74
4.35,135.00,99.72
4.36,135.00,99.83
4.36,135.00,99.95
4.36,135.00,100.35
4.37,135.00,100.39
4.38,135.00,100.87
4.38,135.00,100.86
4.39,135.00,101.32
4.39,135.00,101.35
4.40,135.00,101.58
4.40,135.00,101.44
4.41,135.00,101.46
4.41,135.00,101.99
4.42,135.00,102.02
4.42,135.00,102.21
4.43,135.00,102.42
4.43,135.00,102.95
4.44,135.00,103.00
4.44,135.00,103.57
4.45,135.00,103.49
4.45,135.00,103.48
4.46,135.00,103.78
4.46,135.00,104.28
4.47,135.00,104.58
4.48,135.00,104.65
4.48,135.00,104.81
4.49,135.00,104.87
4.49,135.00,105.25
4.50,135.00,105.60
4.50,135.00,105.97
4.51,135.00,106.10
4.51,135.00,106.38
4.52,135.00,106.67
4.52,135.00,106.74
4.53,135.00,107.27
4.53,135.00,107.40
4.54,135.00,107.57
4.55,135.00,107.85
4.55,135.00,108.21
4.56,135.00,108.50
4.56,135.00,108.66
4.57,135.00,108.85
4.57,135.00,109.14
4.58,135.00,109.29
4.58,135.00,109.58
4.59,135.00,109.77
4.59,135.00,109.99
4.60,135.00,110.74
4.61,135.00,111.08
4.61,135.00,111.59
4.62,135.00,111.75
4.62,135.00,112.25
4.63,135.00,112.43
4.63,135.00,112.74
4.64,135.00,112.66
4.64,135.00,112.93
4.65,135.00,113.45
4.65,135.00,113.80
4.66,135.00,114.22
4.67,135.00,114.39
4.67,135.00,114.64
4.68,135.00,114.83
4.68,135.00,115.07
4.69,135.00,115.15
4.69,135.00,115.45
4.70,135.00,115.63
4.70,135.00,116.10
4.71,135.00,116.53
4.71,135.00,116.72
4.72,135.00,116.90
4.72,135.00,117.22
4.73,135.00,117.32
4.73,135.00,117.70
4.74,135.00,117.95
4.74,135.00,118.50
4.75,135.00,118.57
4.75,135.00,118.82
4.76,135.00,118.95
4.76,135.00,119.30
4.77,135.00,119.32
4.77,135.00,119.74
4.78,135.00,119.93
4.78,135.00,120.12
4.79,135.00,120.38
4.79,135.00,120.67
4.80,135.00,121.38
4.81,135.00,121.37
4.81,135.00,121.52
4.82,135.00,121.83
4.82,135.00,122.10
4.83,135.00,122.15
4.83,135.00,122.52
4.84,135.00,122.65
4.84,135.00,122.95
4.85,135.00,123.00
4.85,135.00,123.14
4.86,135.00,123.19
4.86,135.00,123.30
4.87,135.00,123.24
4.88,135.00,123.44
4.88,135.00,123.46
4.89,135.00,123.60
4.89,135.00,123.69
4.90,135.00,123.84
4.90,135.00,124.05
4.91,135.00,123.93
4.91,135.00,124.14
4.92,135.00,124.25
4.92,135.00,124.40
4.93,135.00,124.47
4.93,135.00,124.62
4.94,135.00,124.69
4.94,135.00,124.84
4.95,135.00,124.97
4.95,135.00,124.97
4.96,135.00,124.99
4.96,135.00,125.02
4.97,135.00,125.19
4.97,135.00,125.13
4.98,135.00,125.24
4.98,135.00,125.39
4.99,135.00,125.38
4.99,135.00,125.39
5.00,135.00,125.37
5.00,135.00,125.49
5.01,135.00,125.47
5.01,135.00,125.57
5.02,135.00,125.58
5.02,135.00,125.69
5.03,135.00,125.56
5.03,135.00,125.54
5.04,135.00,125.53
5.05,135.00,125.47
5.05,135.00,125.36
5.05,135.00,125.30
5.06,135.00,125.28
5.07,135.00,125.30
5.07,135.00,125.15
5.08,135.00,125.14
5.08,135.00,125.10
5.09,135.00,125.05
5.09,135.00,124.98
5.10,135.00,124.90
5.10,135.00,124.75
5.11,135.00,124.66
5.11,135.00,124.64
5.12,135.00,124.55
5.12,135.00,124.50
5.13,135.00,124.44
5.13,135.00,124.37
5.14,135.00,124.22
5.14,135.00,124.15
5.15,135.00,124.08
5.15,135.00,123.98
5.16,135.00,123.82
5.16,135.00,123.73
5.17,135.00,123.61
5.17,135.00,123.52
5.18,135.00,123.32
5.18,135.00,123.22
5.19,135.00,123.04
5.19,135.00,122.81
5.20,135.00,122.67
5.21,135.00,122.57
5.21,135.00,122.35
5.22,135.00,122.18
5.22,135.00,122.05
5.23,135.00,121.85
5.23,135.00,121.68
5.24,135.00,121.45
5.24,135.00,121.35
5.25,135.00,121.11
5.25,135.00,120.96
5.26,135.00,120.73
5.26,135.00,120.33
5.27,135.00,120.13
5.28,135.00,119.99
5.28,135.00,119.75
5.29,135.00,119.53
5.29,135.00,119.38
5.30,135.00,119.11
5.30,135.00,118.88
5.31,135.00,118.76
5.31,135.00,118.57
5.32,135.00,118.34
5.32,135.00,118.04
5.33,135.00,117.97
5.33,135.00,117.67
5.34,135.00,117.41
5.34,135.00,117.23
5.35,135.00,116.97
5.35,135.00,116.68
5.36,135.00,116.44
5.36,135.00,116.25
5.37,135.00,115.99
5.37,135.00,115.73
5.38,135.00,115.39
5.38,135.00,115.18
5.39,135.00,114.90
5.39,135.00,114.69
5.40,135.00,114.45
5.40,135.00,114.19
5.41,135.00,113.94
5.42,135.00,113.55
5.42,135.00,113.41
5.43,135.00,113.16
5.43,135.00,112.90
5.44,135.00,112.64
5.44,135.00,112.48
5.45,135.00,112.20
5.45,135.00,111.96
5.46,135.00,111.63
5.46,135.00,111.33
5.47,135.00,111.07
5.47,135.00,110.78
5.48,135.00,110.61
5.48,135.00,110.37
5.49,135.00,110.07
5.49,135.00,109.77
5.50,135.00,109.62
5.50,135.00,109.22
5.51,135.00,108.98
5.51,135.00,108.69
5.52,135.00,108.45
5.52,135.00,108.09
5.53,135.00,107.84
5.53,135.00,107.56
5.54,135.00,107.37
5.55,135.00,107.00
5.55,135.00,106.73
5.55,135.00,106.38
5.56,135.00,106.15
5.57,135.00,105.83
5.57,135.00,105.53
5.57,135.00,105.25
5.58,135.00,104.93
5.59,135.00,104.58
5.59,135.00,104.35
5.60,135.00,104.13
5.60,135.00,103.83
5.61,135.00,103.56
5.61,135.00,103.38
5.62,135.00,103.27
5.62,135.00,102.96
5.63,135.00,102.72
5.63,135.00,102.55
5.64,135.00,102.37
5.64,135.00,101.99
5.65,135.00,101.72
5.65,135.00,101.54
5.66,135.00,101.32
5.66,135.00,101.10
5.67,135.00,101.08
5.67,135.00,100.83
5.68,135.00,100.60
5.68,135.00,100.36
5.69,135.00,100.13
5.69,135.00,99.90
5.70,135.00,99.68
5.70,135.00,99.34
5.71,135.00,99.28
5.72,135.00,99.25
5.72,135.00,98.93
5.73,135.00,99.03
5.73,135.00,98.94
5.74,135.00,98.66
5.74,135.00,98.42
5.75,135.00,98.18
5.75,135.00,98.03
5.76,135.00,97.92
5.76,135.00,97.78
5.77,135.00,97.49
5.77,135.00,97.07
5.78,135.00,96.48
5.78,135.00,96.55
5.79,135.00,96.41
5.79,135.00,96.35
5.80,135.00,96.24
5.80,135.00,95.97
5.81,135.00,95.74
5.81,135.00,95.82
5.82,135.00,95.56
5.82,135.00,95.66
5.83,135.00,95.31
5.83,135.00,95.32
5.84,135.00,95.26
5.84,135.00,95.25
5.85,135.00,95.05
5.85,135.00,94.84
5.86,135.00,94.88
5.86,135.00,94.77
5.87,135.00,94.73
5.87,135.00,94.54
5.88,135.00,94.38
5.88,135.00,94.49
5.89,135.00,94.13
5.89,135.00,94.34
5.90,135.00,94.30
5.90,135.00,94.20
5.91,135.00,94.20
5.91,135.00,94.01
5.92,135.00,94.15
5.93,135.00,93.89
5.93,135.00,93.81
5.94,135.00,93.69
5.94,135.00,93.50
5.95,135.00,93.73
5.95,135.00,93.77
5.96,135.00,93.69
5.96,135.00,93.72
5.97,135.00,93.68
5.97,135.00,93.38
5.98,135.00,93.45
5.98,135.00,93.25
5.99,135.00,93.17
5.99,135.00,93.09
6.00,135.00,93.17
6.00,135.00,93.25
6.01,135.00,93.30
6.01,135.00,93.27
6.02,135.00,93.22
6.02,135.00,93.54
6.03,135.00,93.77
6.03,135.00,94.18
6.04,135.00,94.11
6.04,135.00,94.22
6.05,135.00,94.13
6.05,135.00,94.01
6.06,135.00,94.15
6.06,135.00,94.41
6.07,135.00,94.40
6.07,135.00,94.62
6.08,135.00,94.46
6.08,135.00,94.85
6.09,135.00,94.91
6.09,135.00,95.07
6.10,135.00,95.01
6.10,135.00,95.32
6.11,135.00,95.57
6.11,135.00,95.55
6.12,135.00,95.66
6.12,135.00,95.60
6.13,135.00,95.87
6.13,135.00,95.96
6.14,135.00,96.04
6.15,135.00,96.43
6.15,135.00,96.41
6.16,135.00,96.63
6.16,135.00,96.86
6.17,135.00,96.93
6.17,135.00,97.26
6.18,135.00,97.22
6.18,135.00,97.31
6.19,135.00,97.83
6.19,135.00,97.90
6.20,135.00,98.31
6.20,135.00,98.37
6.21,135.00,98.38
6.21,135.00,98.56
6.22,135.00,98.85
6.22,135.00,99.01
6.23,135.00,99.23
6.23,135.00,99.61
6.24,135.00,99.71
6.24,135.00,100.11
6.25,135.00,100.33
6.25,135.00,100.66
6.26,135.00,101.12
6.26,135.00,101.39
6.27,135.00,101.36
6.27,135.00,101.94
6.28,135.00,101.92
6.28,135.00,102.33
6.29,135.00,102.55
6.29,135.00,103.03
6.30,135.00,103.18
6.30,135.00,103.50
6.31,135.00,103.89
6.31,135.00,104.27
6.32,135.00,104.53
6.32,135.00,104.73
6.33,135.00,105.09
6.33,135.00,105.31
6.34,135.00,105.48
6.34,135.00,105.83
6.35,135.00,106.22
6.36,135.00,106.41
6.36,135.00,106.55
6.37,135.00,106.80
6.37,135.00,107.17
6.38,135.00,107.45
6.38,135.00,107.58
6.39,135.00,108.03
6.40,135.00,108.06
6.40,135.00,108.31
6.41,135.00,108.41
6.41,135.00,108.81
6.42,135.00,109.18
6.42,135.00,109.46
6.43,135.00,109.69
6.43,135.00,110.12
6.44,135.00,110.46
6.44,135.00,110.66
6.45,135.00,111.21
6.45,135.00,111.38
6.46,135.00,111.64
6.46,135.00,112.14
6.47,135.00,112.43
6.47,135.00,112.41
6.48,135.00,112.63
6.48,135.00,113.16
6.49,135.00,113.37
6.49,135.00,113.63
6.50,135.00,113.77
6.50,135.00,114.12
6.51,135.00,114.17
6.51,135.00,114.13
6.52,135.00,114.42
6.52,135.00,114.84
6.53,135.00,114.78
6.53,135.00,115.27
6.54,135.00,115.42
6.54,135.00,115.66
6.55,135.00,115.69
6.56,135.00,116.06
6.56,135.00,116.36
6.57,135.00,116.53
6.57,135.00,116.86
6.58,135.00,117.02
6.58,135.00,117.23
6.59,135.00,117.60
6.59,135.00,117.98
6.60,135.00,117.98
6.60,135.00,118.53
6.61,135.00,118.91
6.62,135.00,119.39
6.62,135.00,119.69
6.63,135.00,119.98
6.63,135.00,120.27
6.64,135.00,120.55
6.64,135.00,120.80
6.65,135.00,121.21
6.66,135.00,121.46
6.66,135.00,121.75
6.67,135.00,121.84
6.67,135.00,122.19
6.68,135.00,122.38
6.68,135.00,122.34
6.69,135.00,122.59
6.70,135.00,122.73
6.70,135.00,122.70
6.71,135.00,122.82
6.71,135.00,122.85
6.72,135.00,122.98
6.72,135.00,123.20
6.73,135.00,123.72
6.73,135.00,123.93
6.74,135.00,124.10
6.74,135.00,124.18
6.75,135.00,124.40
6.75,135.00,124.53
6.76,135.00,124.74
6.76,135.00,124.98
6.77,135.00,125.18
6.77,135.00,125.21
6.78,135.00,125.37
6.78,135.00,125.60
6.79,135.00,125.58
6.79,135.00,125.77
6.80,135.00,125.97
6.80,135.00,126.00
6.81,135.00,126.07
6.81,135.00,126.38
6.82,135.00,126.35
6.82,135.00,126.52
6.83,135.00,126.45
6.83,135.00,126.60
6.84,135.00,126.61
6.84,135.00,126.64
6.85,135.00,126.62
6.85,135.00,126.71
6.86,135.00,126.62
6.87,135.00,126.66
6.87,135.00,126.83
6.88,135.00,126.89
6.88,135.00,126.79
6.89,135.00,126.87
6.89,135.00,126.87
6.90,135.00,126.80
6.90,135.00,126.72
6.91,135.00,126.74
6.92,135.00,126.71
6.92,135.00,126.70
6.93,135.00,126.79
6.93,135.00,126.69
6.94,135.00,126.78
6.94,135.00,126.75
6.95,135.00,126.62
6.96,135.00,126.67
6.96,135.00,126.70
6.97,135.00,126.66
6.97,135.00,126.56
6.98,135.00,126.45
6.98,135.00,126.36
6.99,135.00,126.09
7.00,135.00,125.91
7.00,135.00,125.90
7.01,135.00,125.77
7.01,135.00,125.54
7.01,135.00,125.44
7.02,135.00,125.43
7.03,135.00,125.30
7.03,135.00,125.13
7.04,135.00,125.03
7.04,135.00,124.89
7.05,135.00,124.68
7.05,135.00,124.48
7.06,135.00,124.23
7.07,135.00,124.07
7.07,135.00,123.95
7.07,135.00,123.76
7.08,135.00,123.56
7.09,135.00,123.40
7.09,135.00,123.20
7.10,135.00,122.99
7.10,135.00,122.76
7.11,135.00,122.59
7.11,135.00,122.37
7.12,135.00,121.91
7.13,135.00,121.70
7.13,135.00,121.49
7.14,135.00,121.27
7.14,135.00,120.97
7.15,135.00,120.72
7.15,135.00,120.52
7.16,135.00,120.29
7.16,135.00,120.04
7.17,135.00,119.87
7.18,135.00,119.31
7.18,135.00,119.13
7.19,135.00,118.82
7.19,135.00,118.60
7.20,135.00,118.37
7.20,135.00,118.15
7.21,135.00,117.79
7.21,135.00,117.54
7.22,135.00,117.27
7.22,135.00,116.95
7.23,135.00,116.71
7.23,135.00,116.38
7.24,135.00,116.14
7.24,135.00,115.80
7.25,135.00,115.66
7.25,135.00,115.27
7.26,135.00,115.06
7.26,135.00,114.85
7.27,135.00,114.57
7.27,135.00,114.24
7.28,135.00,114.02
7.28,135.00,113.82
7.29,135.00,113.50
7.30,135.00,113.16
7.30,135.00,112.85
7.30,135.00,112.63
7.31,135.00,112.31
7.32,135.00,112.15
7.32,135.00,111.84
7.32,135.00,111.52
7.33,135.00,111.20
7.34,135.00,110.95
7.34,135.00,110.54
7.35,135.00,110.13
7.35,135.00,109.79
7.36,135.00,109.61
7.36,135.00,109.33
7.37,135.00,109.03
7.37,135.00,108.70
7.38,135.00,108.39
7.38,135.00,108.01
7.39,135.00,107.67
7.39,135.00,107.45
7.40,135.00,107.13
7.40,135.00,106.96
7.41,135.00,106.67
7.41,135.00,106.40
7.42,135.00,106.15
7.42,135.00,105.82
7.43,135.00,105.46
7.43,135.00,105.23
7.44,135.00,104.91
7.45,135.00,104.59
7.45,135.00,103.96
7.46,135.00,103.63
7.46,135.00,103.44
7.47,135.00,102.97
7.47,135.00,102.77
7.48,135.00,102.48
7.48,135.00,102.11
7.49,135.00,101.87
7.49,135.00,101.62
7.50,135.00,101.43
7.51,135.00,101.24
7.51,135.00,100.96
7.52,135.00,100.60
7.52,135.00,100.45
7.53,135.00,100.15
7.53,135.00,99.93
7.54,135.00,99.60
7.54,135.00,99.19
7.55,135.00,99.03
7.55,135.00,98.67
7.56,135.00,98.59
7.56,135.00,98.29
7.57,135.00,98.04
7.57,135.00,97.81
7.58,135.00,97.44
7.58,135.00,97.26
7.59,135.00,97.11
7.59,135.00,96.97
7.60,135.00,96.89
7.60,135.00,96.63
7.61,135.00,96.31
7.61,135.00,96.13
7.62,135.00,95.83
7.62,135.00,95.82
7.63,135.00,95.55
7.63,135.00,95.45
7.64,135.00,95.33
7.64,135.00,95.02
7.65,135.00,94.80
7.65,135.00,94.78
7.66,135.00,94.41
7.66,135.00,94.35
7.67,135.00,93.86
7.68,135.00,93.74
7.68,135.00,93.78
7.69,135.00,93.42
7.69,135.00,93.32
7.70,135.00,93.12
7.70,135.00,93.07
7.71,135.00,92.94
7.71,135.00,92.93
7.72,135.00,92.73
7.72,135.00,93.02
7.73,135.00,92.93
7.73,135.00,92.56
7.74,135.00,92.51
7.74,135.00,92.55
7.75,135.00,92.35
7.75,135.00,92.09
7.76,135.00,92.13
7.76,135.00,91.74
7.77,135.00,91.57
7.77,135.00,91.68
7.78,135.00,91.28
7.78,135.00,91.36
7.79,135.00,91.21
7.79,135.00,91.38
7.80,135.00,91.40
7.80,135.00,91.53
7.81,135.00,91.72
7.81,135.00,91.42
7.82,135.00,91.52
7.82,135.00,91.38
7.83,135.00,91.09
7.83,135.00,91.43
7.84,135.00,91.34
7.84,135.00,91.38
7.85,135.00,91.30
7.85,135.00,91.33
7.86,135.00,91.57
7.86,135.00,91.60
7.87,135.00,91.57
7.87,135.00,91.76
7.88,135.00,91.60
7.88,135.00,91.85
7.89,135.00,91.73
7.90,135.00,91.97
7.90,135.00,92.18
7.91,135.00,92.27
7.91,135.00,92.32
7.92,135.00,92.31
7.92,135.00,92.34
7.93,135.00,92.81
7.93,135.00,92.76
7.94,135.00,92.92
7.94,135.00,93.21
7.95,135.00,93.52
7.95,135.00,93.55
7.96,135.00,93.78
7.96,135.00,93.91
7.97,135.00,94.01
7.97,135.00,94.18
7.98,135.00,93.95
7.98,135.00,94.20
7.99,135.00,94.68
7.99,135.00,94.91
8.00,135.00,94.87
8.00,135.00,95.27
8.01,135.00,95.57
8.01,135.00,95.56
8.02,135.00,96.07
8.02,135.00,96.29
8.03,135.00,96.45
8.03,135.00,96.58
8.04,135.00,96.81
8.04,135.00,97.14
8.05,135.00,97.21
8.05,135.00,97.60
8.06,135.00,97.45
8.06,135.00,97.74
8.07,135.00,98.09
8.07,135.00,98.40
8.08,135.00,98.69
8.08,135.00,99.25
8.09,135.00,99.23
8.09,135.00,99.46
8.10,135.00,99.43
8.10,135.00,99.74
8.11,135.00,99.93
8.11,135.00,100.23
8.12,135.00,100.53
8.13,135.00,100.95
8.13,135.00,101.30
8.14,135.00,101.63
8.14,135.00,101.63
8.15,135.00,102.16
8.15,135.00,102.26
8.16,135.00,102.57
8.16,135.00,102.85
8.17,135.00,103.13
8.17,135.00,103.61
8.18,135.00,103.93
8.18,135.00,104.11
8.19,135.00,104.59
8.19,135.00,104.50
8.20,135.00,104.97
8.20,135.00,104.97
8.21,135.00,105.41
8.21,135.00,105.53
8.22,135.00,106.02
8.22,135.00,106.21
8.23,135.00,106.64
8.23,135.00,107.02
8.24,135.00,107.59
8.24,135.00,107.80
8.25,135.00,108.04
8.26,135.00,108.64
8.26,135.00,108.88
8.27,135.00,109.33
8.27,135.00,109.63
8.28,135.00,110.11
8.28,135.00,110.26
8.29,135.00,110.85
8.29,135.00,111.22
8.30,135.00,111.24
8.30,135.00,111.71
8.31,135.00,111.67
8.31,135.00,112.07
8.32,135.00,112.29
8.33,135.00,112.91
8.33,135.00,113.25
8.34,135.00,113.45
8.34,135.00,113.92
8.35,135.00,114.41
8.35,135.00,114.82
8.36,135.00,115.13
8.36,135.00,115.45
8.37,135.00,115.60
8.37,135.00,116.19
8.38,135.00,116.31
8.38,135.00,116.55
8.39,135.00,116.77
8.40,135.00,117.49
8.40,135.00,117.72
8.41,135.00,118.05
8.41,135.00,118.19
8.42,135.00,118.60
8.42,135.00,118.91
8.43,135.00,119.12
8.43,135.00,119.58
8.44,135.00,119.74
8.44,135.00,120.18
8.45,135.00,120.39
8.46,135.00,120.77
8.46,135.00,121.08
8.47,135.00,121.54
8.47,135.00,121.99
8.48,135.00,122.26
8.48,135.00,122.40
8.49,135.00,122.48
8.50,135.00,122.75
8.50,135.00,123.12
8.51,135.00,123.32
8.51,135.00,123.63
8.52,135.00,124.18
8.52,135.00,124.35
8.53,135.00,124.51
8.53,135.00,124.84
8.54,135.00,125.09
8.55,135.00,125.18
8.55,135.00,125.65
8.56,135.00,125.70
8.56,135.00,126.16
8.56,135.00,126.48
8.57,135.00,126.66
8.58,135.00,126.82
8.58,135.00,126.96
8.59,135.00,127.24
8.60,135.00,127.51
8.60,135.00,127.59
8.60,135.00,127.93
8.61,135.00,128.01
8.62,135.00,128.15
8.62,135.00,128.36
8.63,135.00,128.42
8.63,135.00,128.57
8.64,135.00,128.65
8.64,135.00,128.90
8.65,135.00,128.99
8.65,135.00,129.07
8.66,135.00,129.27
8.66,135.00,129.33
8.67,135.00,129.61
8.67,135.00,129.58
8.68,135.00,129.75
8.69,135.00,129.75
8.69,135.00,129.83
8.70,135.00,129.89
8.70,135.00,129.94
8.71,135.00,129.91
8.71,135.00,129.99
8.72,135.00,129.97
8.72,135.00,130.00
8.73,135.00,129.94
8.73,135.00,129.97
8.74,135.00,130.00
8.74,135.00,129.97
8.75,135.00,129.95
8.75,135.00,129.90
8.76,135.00,130.01
8.76,135.00,129.95
8.77,135.00,129.91
8.78,135.00,129.84
8.78,135.00,129.90
8.79,135.00,129.82
8.79,135.00,129.68
8.80,135.00,129.62
8.80,135.00,129.52
8.81,135.00,129.46
8.81,135.00,129.36
8.82,135.00,129.26
8.82,135.00,129.16
8.83,135.00,129.05
8.84,135.00,128.89
8.84,135.00,128.78
8.85,135.00,128.65
8.85,135.00,128.58
8.86,135.00,128.41
8.86,135.00,128.30
8.87,135.00,128.19
8.87,135.00,128.05
8.88,135.00,127.90
8.88,135.00,127.74
8.89,135.00,127.62
8.90,135.00,127.33
8.90,135.00,127.18
8.91,135.00,126.99
8.91,135.00,126.83
8.92,135.00,126.60
8.92,135.00,126.41
8.93,135.00,126.25
8.93,135.00,126.04
8.94,135.00,125.81
8.94,135.00,125.57
8.95,135.00,125.39
8.96,135.00,125.19
8.96,135.00,124.97
8.97,135.00,124.67
8.97,135.00,124.52
8.98,135.00,124.23
8.98,135.00,123.99
8.99,135.00,123.74
8.99,135.00,123.51
9.00,135.00,123.31
9.00,135.00,123.08
9.01,135.00,122.82
9.01,135.00,122.53
9.02,135.00,122.26
9.02,135.00,121.97
9.03,135.00,121.65
9.03,135.00,121.34
9.04,135.00,121.05
9.04,135.00,120.79
9.05,135.00,120.58
9.05,135.00,120.34
9.06,135.00,120.07
9.06,135.00,119.81
9.07,135.00,119.19
9.08,135.00,118.92
9.08,135.00,118.55
9.09,135.00,118.21
9.09,135.00,117.91
9.10,135.00,117.61
9.10,135.00,117.29
9.11,135.00,117.00
9.11,135.00,116.65
9.12,135.00,116.35
9.13,135.00,115.67
9.13,135.00,115.38
9.14,135.00,115.03
9.14,135.00,114.64
9.15,135.00,114.28
9.15,135.00,113.93
9.16,135.00,113.53
9.16,135.00,113.22
9.17,135.00,112.83
9.18,135.00,112.57
9.18,135.00,112.32
9.19,135.00,111.96
9.19,135.00,111.66
9.19,135.00,111.27
9.20,135.00,110.98
9.21,135.00,110.62
9.21,135.00,110.30
9.22,135.00,109.96
9.22,135.00,109.75
9.23,135.00,109.35
9.23,135.00,109.03
9.24,135.00,108.76
9.24,135.00,108.44
9.25,135.00,108.10
9.25,135.00,107.69
9.26,135.00,107.37
9.26,135.00,106.90
9.27,135.00,106.52
9.27,135.00,106.24
9.28,135.00,105.84
9.28,135.00,105.41
9.29,135.00,105.19
9.29,135.00,104.84
9.30,135.00,104.52
9.30,135.00,104.15
9.31,135.00,103.64
9.31,135.00,103.20
9.32,135.00,102.79
9.32,135.00,102.42
9.33,135.00,102.07
9.33,135.00,101.65
9.34,135.00,101.45
9.35,135.00,101.13
9.35,135.00,100.70
9.35,135.00,100.40
9.36,135.00,100.10
9.36,135.00,99.73
9.37,135.00,99.35
9.38,135.00,98.96
9.38,135.00,98.59
9.39,135.00,98.41
9.39,135.00,97.92
9.40,135.00,97.71
9.40,135.00,97.32
9.41,135.00,96.97
9.41,135.00,96.54
9.42,135.00,96.20
9.42,135.00,95.93
9.43,135.00,95.71
9.43,135.00,95.33
9.44,135.00,95.09
9.44,135.00,94.56
9.45,135.00,94.20
9.45,135.00,93.90
9.46,135.00,93.65
9.46,135.00,93.39
9.47,135.00,92.83
9.47,135.00,92.79
9.48,135.00,92.17
9.48,135.00,91.97
9.49,135.00,91.83
9.49,135.00,91.30
9.50,135.00,91.28
9.50,135.00,91.01
9.51,135.00,90.64
9.51,135.00,90.57
9.52,135.00,90.58
9.52,135.00,90.25
9.53,135.00,90.12
9.53,135.00,89.76
9.54,135.00,89.75
9.54,135.00,89.34
9.55,135.00,89.25
9.56,135.00,89.07
9.56,135.00,88.93
9.56,135.00,89.06
9.57,135.00,88.77
9.57,135.00,88.48
9.58,135.00,88.50
9.59,135.00,88.27
9.59,135.00,88.31
9.60,135.00,87.98
9.60,135.00,87.99
9.61,135.00,87.78
9.61,135.00,87.72
9.62,135.00,87.33
9.62,135.00,87.02
9.63,135.00,87.12
9.63,135.00,87.02
9.64,135.00,86.99
9.64,135.00,86.93
9.65,135.00,86.95
9.65,135.00,86.77
9.66,135.00,86.80
9.66,135.00,86.82
9.67,135.00,86.92
9.67,135.00,87.13
9.68,135.00,86.91
9.68,135.00,86.95
9.69,135.00,86.96
9.69,135.00,86.67
9.70,135.00,86.90
9.70,135.00,86.87
9.71,135.00,87.03
9.71,135.00,86.89
9.72,135.00,86.83
9.72,135.00,87.07
9.73,135.00,87.02
9.74,135.00,87.18
9.74,135.00,87.25
9.75,135.00,87.44
9.75,135.00,87.26
9.76,135.00,87.27
9.76,135.00,87.47
9.77,135.00,87.41
9.77,135.00,87.31
9.78,135.00,87.63
9.78,135.00,87.60
9.79,135.00,87.81
9.79,135.00,87.97
9.80,135.00,88.06
9.80,135.00,88.23
9.81,135.00,88.28
9.81,135.00,88.27
9.82,135.00,88.38
9.82,135.00,88.71
9.83,135.00,89.19
9.83,135.00,88.98
9.84,135.00,89.22
9.84,135.00,89.36
9.85,135.00,89.58
9.85,135.00,89.67
9.86,135.00,90.16
9.86,135.00,90.07
9.87,135.00,90.57
9.88,135.00,90.91
9.88,135.00,90.80
9.89,135.00,91.18
9.89,135.00,91.36
9.90,135.00,91.50
9.90,135.00,91.89
9.91,135.00,92.03
9.91,135.00,92.46
9.92,135.00,92.71
9.92,135.00,93.08
9.93,135.00,93.36
9.93,135.00,93.61
9.94,135.00,94.07
9.94,135.00,94.46
9.95,135.00,94.88
9.95,135.00,95.38
9.96,135.00,95.76
9.96,135.00,96.01
9.97,135.00,96.28
9.97,135.00,96.77
9.98,135.00,96.80
9.98,135.00,97.15
9.99,135.00,97.70
9.99,135.00,98.11
10.00,135.00,98.49
10.00,135.00,98.80
10.01,135.00,99.25
10.01,135.00,99.72
10.02,135.00,100.03
10.02,135.00,100.30
10.03,135.00,100.81
10.03,135.00,101.00
10.04,135.00,101.50
10.04,135.00,102.08
10.05,135.00,102.27
10.06,135.00,102.95
10.06,135.00,103.19
10.07,135.00,103.71
10.07,135.00,104.19
10.08,135.00,104.46
10.08,135.00,104.79
10.09,135.00,105.14
10.09,135.00,105.65
10.10,135.00,106.09
10.10,135.00,106.37
10.11,135.00,106.97
10.11,135.00,107.30
10.12,135.00,107.68
10.12,135.00,108.38
10.13,135.00,108.96
10.13,135.00,109.39
10.14,135.00,110.02
10.14,135.00,110.41
10.15,135.00,110.95
10.15,135.00,111.37
10.16,135.00,111.58
10.16,135.00,112.15
10.17,135.00,112.43
10.18,135.00,112.94
10.18,135.00,113.18
10.19,135.00,113.50
10.19,135.00,113.95
10.20,135.00,114.10
10.20,135.00,114.46
10.21,135.00,114.90
10.21,135.00,115.12
10.22,135.00,115.43
10.22,135.00,115.78
10.23,135.00,116.41
10.23,135.00,116.78
10.24,135.00,117.56
10.24,135.00,117.99
10.25,135.00,118.19
10.25,135.00,118.64
10.26,135.00,118.93
10.26,135.00,119.45
10.27,135.00,119.68
10.27,135.00,120.00
10.28,135.00,120.58
10.28,135.00,120.97
10.29,135.00,121.27
10.30,135.00,121.84
10.30,135.00,122.15
10.31,135.00,122.49
10.31,135.00,122.94
10.31,135.00,123.15
10.32,135.00,123.54
10.33,135.00,123.76
10.33,135.00,124.22
10.34,135.00,124.59
10.34,135.00,124.98
10.35,135.00,125.24
10.35,135.00,125.76
10.36,135.00,126.13
10.36,135.00,126.58
10.37,135.00,126.74
10.37,135.00,127.20
10.38,135.00,127.34
10.38,135.00,127.60
10.39,135.00,127.78
10.39,135.00,128.19
10.40,135.00,128.47
10.40,135.00,128.72
10.41,135.00,128.95
10.42,135.00,129.24
10.42,135.00,129.62
10.43,135.00,129.87
10.43,135.00,130.13
10.44,135.00,130.30
10.44,135.00,130.62
10.45,135.00,130.83
10.45,135.00,131.14
10.46,135.00,131.38
10.46,135.00,131.56
10.47,135.00,131.75
10.47,135.00,131.98
10.48,135.00,132.27
10.48,135.00,132.51
10.49,135.00,132.65
10.49,135.00,132.73
10.50,135.00,132.84
10.50,135.00,132.87
10.51,135.00,133.03
10.51,135.00,133.08
10.52,135.00,133.18
10.52,135.00,133.28
10.53,135.00,133.49
10.53,135.00,133.67
10.54,135.00,133.61
10.55,135.00,133.73
