-0.25,90,90
0.005,90,90
0.01,135.00,92.51
0.01,135.00,93.00
0.02,135.00,93.50
0.02,135.00,93.76
0.03,135.00,94.69
0.03,135.00,95.21
0.04,135.00,95.50
0.04,135.00,95.89
0.05,135.00,96.22
0.05,135.00,96.87
0.06,135.00,97.19
0.06,135.00,97.03
0.07,135.00,98.04
0.08,135.00,98.47
0.08,135.00,99.19
0.09,135.00,99.91
0.09,135.00,99.75
0.10,135.00,99.57
0.10,135.00,100.54
0.11,135.00,99.75
0.11,135.00,101.07
0.12,135.00,101.59
0.12,135.00,101.82
0.13,135.00,103.12
0.13,135.00,102.53
0.14,135.00,103.44
0.14,135.00,103.54
0.15,135.00,103.56
0.15,135.00,104.84
0.16,135.00,104.71
0.16,135.00,105.64
0.17,135.00,105.77
0.18,135.00,107.44
0.18,135.00,108.32
0.19,135.00,108.56
0.19,135.00,108.67
0.20,135.00,109.21
0.20,135.00,108.88
0.21,135.00,109.15
0.21,135.00,109.33
0.22,135.00,108.99
0.22,135.00,108.87
0.23,135.00,108.33
0.23,135.00,108.44
0.24,135.00,108.72
0.24,135.00,108.71
0.25,135.00,108.88
0.25,135.00,108.62
0.26,135.00,109.14
0.26,135.00,109.84
0.27,135.00,109.19
0.27,135.00,109.39
0.28,135.00,109.48
0.28,135.00,109.61
0.29,135.00,109.23
0.29,135.00,109.68
0.30,135.00,110.52
0.30,135.00,109.88
0.31,135.00,111.66
0.31,135.00,110.76
0.32,135.00,110.47
0.32,135.00,110.08
0.33,135.00,109.25
0.34,135.00,110.36
0.34,135.00,110.33
0.35,135.00,110.01
0.35,135.00,110.23
0.36,135.00,109.89
0.36,135.00,110.25
0.37,135.00,109.20
0.37,135.00,109.35
0.38,135.00,109.02
0.38,135.00,108.90
0.39,135.00,108.72
0.39,135.00,109.09
0.40,135.00,109.52
0.40,135.00,108.94
0.41,135.00,109.33
0.41,135.00,108.98
0.42,135.00,109.01
0.42,135.00,109.26
0.43,135.00,109.09
0.44,135.00,108.99
0.44,135.00,109.09
0.45,135.00,109.37
0.45,135.00,108.85
0.46,135.00,109.16
0.46,135.00,108.86
0.47,135.00,108.63
0.47,135.00,108.93
0.48,135.00,108.65
0.48,135.00,108.99
0.49,135.00,108.47
0.49,135.00,108.82
0.50,135.00,109.48
0.50,135.00,108.69
0.51,135.00,109.02
0.51,135.00,108.09
0.52,135.00,108.50
0.52,135.00,108.76
0.53,135.00,108.94
0.53,135.00,109.50
0.54,135.00,108.96
0.54,135.00,108.50
0.55,135.00,109.48
0.55,135.00,109.63
0.56,135.00,109.35
0.56,135.00,109.25
0.57,135.00,110.14
0.57,135.00,110.47
0.58,135.00,110.15
0.58,135.00,110.76
0.59,135.00,110.45
0.60,135.00,110.18
0.60,135.00,109.88
0.61,135.00,110.14
0.61,135.00,110.28
0.61,135.00,109.58
0.62,135.00,109.52
0.63,135.00,110.04
0.63,135.00,110.39
0.64,135.00,109.94
0.64,135.00,110.24
0.65,135.00,109.90
0.65,135.00,110.20
0.66,135.00,109.84
0.66,135.00,109.93
0.67,135.00,109.91
0.67,135.00,109.61
0.68,135.00,109.82
0.68,135.00,109.64
0.69,135.00,109.78
0.69,135.00,109.95
0.70,135.00,109.58
0.70,135.00,110.14
0.71,135.00,110.01
0.71,135.00,110.37
0.72,135.00,110.23
0.73,135.00,110.33
0.73,135.00,110.48
0.74,135.00,109.75
0.74,135.00,110.43
0.75,135.00,109.94
0.75,135.00,110.00
0.76,135.00,109.75
0.76,135.00,109.50
0.77,135.00,109.59
0.77,135.00,109.81
0.78,135.00,109.11
0.78,135.00,109.43
0.79,135.00,108.81
0.79,135.00,108.38
0.80,135.00,108.36
0.80,135.00,109.08
0.81,135.00,108.76
0.81,135.00,107.70
0.82,135.00,108.62
0.82,135.00,108.86
0.83,135.00,108.59
0.83,135.00,108.65
0.84,135.00,109.83
0.84,135.00,109.41
0.85,135.00,108.79
0.85,135.00,108.75
0.86,135.00,109.45
0.86,135.00,108.72
0.87,135.00,108.98
0.87,135.00,109.79
0.88,135.00,109.33
0.88,135.00,109.98
0.89,135.00,109.37
0.90,135.00,109.45
0.90,135.00,109.50
0.90,135.00,109.26
0.91,135.00,107.92
0.92,135.00,108.25
0.92,135.00,107.65
0.93,135.00,107.71
0.93,135.00,108.17
0.94,135.00,108.87
0.94,135.00,108.37
0.95,135.00,108.81
0.95,135.00,108.31
0.96,135.00,108.55
0.96,135.00,109.07
0.97,135.00,108.43
0.98,135.00,107.96
0.98,135.00,108.48
0.98,135.00,108.22
0.99,135.00,107.65
1.00,135.00,107.91
1.00,135.00,107.54
1.00,135.00,107.24
1.01,135.00,107.15
1.01,135.00,107.42
1.02,135.00,107.44
1.03,135.00,106.61
1.03,135.00,106.55
1.04,135.00,106.54
1.04,135.00,106.36
1.05,135.00,106.21
1.05,135.00,107.05
1.06,135.00,106.37
1.06,135.00,106.56
1.07,135.00,106.44
1.07,135.00,106.32
1.08,135.00,106.39
1.08,135.00,106.04
1.09,135.00,105.88
1.09,135.00,106.01
1.10,135.00,105.72
1.10,135.00,105.85
1.11,135.00,106.31
1.11,135.00,106.55
1.12,135.00,106.82
1.12,135.00,106.40
1.13,135.00,106.82
1.13,135.00,106.60
1.14,135.00,106.19
1.14,135.00,105.19
1.15,135.00,105.66
1.15,135.00,105.68
1.16,135.00,105.77
1.16,135.00,105.74
1.17,135.00,105.22
1.17,135.00,106.08
1.18,135.00,106.10
1.18,135.00,106.40
1.19,135.00,106.11
1.20,135.00,106.73
1.20,135.00,107.31
1.21,135.00,107.25
1.21,135.00,106.96
1.22,135.00,107.18
1.22,135.00,107.73
1.23,135.00,107.57
1.23,135.00,107.82
1.24,135.00,107.24
1.24,135.00,107.22
1.25,135.00,106.77
1.25,135.00,106.63
1.26,135.00,106.88
1.26,135.00,106.50
1.27,135.00,106.82
1.27,135.00,107.17
1.28,135.00,106.73
1.28,135.00,106.37
1.29,135.00,106.48
1.29,135.00,106.66
1.30,135.00,106.51
1.30,135.00,106.10
1.31,135.00,106.09
1.31,135.00,105.84
1.32,135.00,105.35
1.32,135.00,105.96
1.33,135.00,106.13
1.33,135.00,105.71
1.34,135.00,105.32
1.34,135.00,105.79
1.35,135.00,105.95
1.35,135.00,105.44
1.36,135.00,105.47
1.36,135.00,105.50
1.37,135.00,105.88
1.37,135.00,105.36
1.38,135.00,105.46
1.38,135.00,105.65
1.39,135.00,104.86
1.39,135.00,104.94
1.40,135.00,104.89
1.40,135.00,104.43
1.41,135.00,104.83
1.41,135.00,105.05
1.42,135.00,104.84
1.42,135.00,104.81
1.43,135.00,104.65
1.43,135.00,104.85
1.44,135.00,105.03
1.45,135.00,104.90
1.45,135.00,105.11
1.46,135.00,105.30
1.46,135.00,104.96
1.47,135.00,105.29
1.47,135.00,105.52
1.48,135.00,105.58
1.48,135.00,105.53
1.49,135.00,105.71
1.50,135.00,105.38
1.50,135.00,105.70
1.50,135.00,105.90
1.51,135.00,106.13
1.51,135.00,106.14
1.52,135.00,106.67
1.52,135.00,106.24
1.53,135.00,105.97
1.54,135.00,106.40
1.54,135.00,106.63
1.55,135.00,106.75
1.55,135.00,106.73
1.56,135.00,107.12
1.56,135.00,107.33
1.57,135.00,107.52
1.57,135.00,107.18
1.58,135.00,107.74
1.58,135.00,107.48
1.59,135.00,107.31
1.59,135.00,107.92
1.60,135.00,108.03
1.60,135.00,107.89
1.61,135.00,107.73
1.61,135.00,107.78
1.62,135.00,107.94
1.62,135.00,107.94
1.63,135.00,107.92
1.63,135.00,108.27
1.64,135.00,108.17
1.64,135.00,108.37
1.65,135.00,108.24
1.65,135.00,108.56
1.66,135.00,108.64
1.66,135.00,108.35
1.67,135.00,108.55
1.67,135.00,108.31
1.68,135.00,108.17
1.68,135.00,108.55
1.69,135.00,108.65
1.69,135.00,108.45
1.70,135.00,108.19
1.71,135.00,108.27
1.71,135.00,109.17
1.72,135.00,108.57
1.72,135.00,108.82
1.73,135.00,108.64
1.73,135.00,108.20
1.74,135.00,108.64
1.74,135.00,108.21
1.75,135.00,108.70
1.75,135.00,107.78
1.76,135.00,108.07
1.76,135.00,108.59
1.77,135.00,107.96
1.77,135.00,107.51
1.78,135.00,107.71
1.78,135.00,107.71
1.79,135.00,108.05
1.79,135.00,108.07
1.80,135.00,108.45
1.80,135.00,108.75
1.81,135.00,108.75
1.81,135.00,109.09
1.82,135.00,108.98
1.82,135.00,109.01
1.83,135.00,109.11
1.83,135.00,109.40
1.84,135.00,108.74
1.84,135.00,108.95
1.85,135.00,109.22
1.85,135.00,109.40
1.86,135.00,109.10
1.86,135.00,109.21
1.87,135.00,109.32
1.87,135.00,108.78
1.88,135.00,109.27
1.89,135.00,109.25
1.89,135.00,109.27
1.90,135.00,109.59
1.90,135.00,109.76
1.91,135.00,109.66
1.91,135.00,109.27
1.92,135.00,109.66
1.92,135.00,109.50
1.93,135.00,109.78
1.93,135.00,110.34
1.94,135.00,109.84
1.94,135.00,110.37
1.95,135.00,110.05
1.95,135.00,111.02
1.96,135.00,111.10
1.96,135.00,110.42
1.97,135.00,110.81
1.97,135.00,111.11
1.98,135.00,111.18
1.98,135.00,111.52
1.99,135.00,110.75
1.99,135.00,110.96
2.00,135.00,110.30
2.01,135.00,110.55
2.01,135.00,110.44
2.02,135.00,110.15
2.02,135.00,110.39
2.03,135.00,109.64
2.03,135.00,109.98
2.04,135.00,109.22
2.04,135.00,109.73
2.05,135.00,109.27
2.05,135.00,109.23
2.06,135.00,108.75
2.06,135.00,108.58
2.07,135.00,108.40
2.07,135.00,108.60
2.08,135.00,108.92
2.08,135.00,108.89
2.09,135.00,108.30
2.09,135.00,108.58
2.10,135.00,108.16
2.10,135.00,108.63
2.11,135.00,108.34
2.11,135.00,108.69
2.12,135.00,108.64
2.12,135.00,108.35
2.13,135.00,108.15
2.13,135.00,108.26
2.14,135.00,108.07
2.14,135.00,108.19
2.15,135.00,108.33
2.15,135.00,108.26
2.16,135.00,107.98
2.16,135.00,107.61
2.17,135.00,108.01
2.17,135.00,107.87
2.18,135.00,108.12
2.19,135.00,107.81
2.19,135.00,108.37
2.20,135.00,107.90
2.20,135.00,107.96
2.21,135.00,108.02
2.21,135.00,107.94
2.22,135.00,108.46
2.22,135.00,107.85
2.23,135.00,108.78
2.23,135.00,108.34
2.24,135.00,108.84
2.24,135.00,109.10
2.25,135.00,109.22
2.25,135.00,109.43
2.26,135.00,109.53
2.26,135.00,109.97
2.27,135.00,110.04
2.27,135.00,109.90
2.28,135.00,109.70
2.28,135.00,109.42
2.29,135.00,109.91
2.29,135.00,109.21
2.30,135.00,109.43
2.31,135.00,108.34
2.31,135.00,108.78
2.32,135.00,108.71
2.32,135.00,108.25
2.33,135.00,108.50
2.33,135.00,108.97
2.34,135.00,108.50
2.34,135.00,108.40
2.35,135.00,108.34
2.35,135.00,108.28
2.36,135.00,108.17
2.36,135.00,108.07
2.37,135.00,108.26
2.37,135.00,108.09
2.38,135.00,108.40
2.38,135.00,108.01
2.39,135.00,107.66
2.39,135.00,107.89
2.40,135.00,107.57
2.40,135.00,107.75
2.41,135.00,107.83
2.41,135.00,107.11
2.42,135.00,107.59
2.42,135.00,107.42
2.43,135.00,108.06
2.43,135.00,107.68
2.44,135.00,107.28
2.44,135.00,108.02
2.45,135.00,107.33
2.45,135.00,107.43
2.46,135.00,106.94
2.46,135.00,107.33
2.47,135.00,107.02
2.47,135.00,107.61
2.48,135.00,107.39
2.48,135.00,107.62
2.49,135.00,107.68
2.49,135.00,107.47
2.50,135.00,107.97
2.50,135.00,107.60
2.51,135.00,108.30
2.52,135.00,108.21
2.52,135.00,107.93
2.53,135.00,108.56
2.53,135.00,108.03
2.54,135.00,108.40
2.54,135.00,108.37
2.55,135.00,108.93
2.55,135.00,108.84
2.56,135.00,108.76
2.56,135.00,108.97
2.57,135.00,109.29
2.57,135.00,108.99
2.58,135.00,108.97
2.58,135.00,108.79
2.59,135.00,109.02
2.59,135.00,108.98
2.60,135.00,109.49
2.61,135.00,109.53
2.61,135.00,109.55
2.62,135.00,109.87
2.62,135.00,109.72
2.63,135.00,109.08
2.63,135.00,109.52
2.64,135.00,109.04
2.64,135.00,109.34
2.65,135.00,108.72
2.65,135.00,108.72
2.66,135.00,109.34
2.66,135.00,109.04
2.67,135.00,108.95
2.67,135.00,109.24
2.68,135.00,108.29
2.68,135.00,108.77
2.69,135.00,108.94
2.69,135.00,108.51
2.70,135.00,108.72
2.70,135.00,108.19
2.71,135.00,108.54
2.71,135.00,108.70
2.72,135.00,108.97
2.72,135.00,108.86
2.73,135.00,108.87
2.73,135.00,109.26
2.74,135.00,108.48
2.74,135.00,108.89
2.75,135.00,108.72
2.75,135.00,108.91
2.76,135.00,108.77
2.76,135.00,109.10
2.77,135.00,108.83
2.77,135.00,108.77
2.78,135.00,108.84
2.78,135.00,108.55
2.79,135.00,108.88
2.79,135.00,109.08
2.80,135.00,108.36
2.80,135.00,108.33
2.81,135.00,108.11
2.82,135.00,108.24
2.82,135.00,108.17
2.83,135.00,107.91
2.83,135.00,108.43
2.84,135.00,107.88
2.84,135.00,108.29
2.85,135.00,108.49
2.85,135.00,108.46
2.86,135.00,108.38
2.86,135.00,108.07
2.87,135.00,108.84
2.87,135.00,108.66
2.88,135.00,108.12
2.88,135.00,108.47
2.89,135.00,108.34
2.89,135.00,108.20
2.90,135.00,108.81
2.90,135.00,108.64
2.91,135.00,108.77
2.91,135.00,108.67
2.92,135.00,108.63
2.92,135.00,107.80
2.93,135.00,108.03
2.93,135.00,108.01
2.94,135.00,107.67
2.94,135.00,107.91
2.95,135.00,107.57
2.95,135.00,107.12
2.96,135.00,107.16
2.96,135.00,106.98
2.97,135.00,106.76
2.97,135.00,106.59
2.98,135.00,106.35
2.98,135.00,106.42
2.99,135.00,106.02
2.99,135.00,106.36
3.00,135.00,105.95
3.00,135.00,106.28
3.01,135.00,106.55
3.01,135.00,106.67
3.02,135.00,106.62
3.03,135.00,106.47
3.03,135.00,106.75
3.04,135.00,106.38
3.04,135.00,106.22
3.05,135.00,106.52
3.05,135.00,106.61
3.06,135.00,106.53
3.06,135.00,106.42
3.07,135.00,105.94
3.07,135.00,106.22
3.08,135.00,106.41
3.08,135.00,106.68
3.09,135.00,106.45
3.09,135.00,106.15
3.10,135.00,106.23
3.10,135.00,106.08
3.11,135.00,106.54
3.12,135.00,106.61
3.12,135.00,106.29
3.13,135.00,106.65
3.13,135.00,106.60
3.14,135.00,106.30
3.14,135.00,106.73
3.15,135.00,106.42
3.15,135.00,106.16
3.16,135.00,106.33
3.16,135.00,106.80
3.17,135.00,106.57
3.17,135.00,106.54
3.18,135.00,106.73
3.18,135.00,106.93
3.19,135.00,106.74
3.19,135.00,107.13
3.20,135.00,106.79
3.20,135.00,107.08
3.21,135.00,107.08
3.21,135.00,106.88
3.22,135.00,106.88
3.22,135.00,106.91
3.23,135.00,106.77
3.23,135.00,106.41
3.24,135.00,106.89
3.24,135.00,107.06
3.25,135.00,107.21
3.25,135.00,106.83
3.26,135.00,106.89
3.26,135.00,107.06
3.27,135.00,107.17
3.27,135.00,107.25
3.28,135.00,107.24
3.28,135.00,107.09
3.29,135.00,106.87
3.29,135.00,106.81
3.30,135.00,107.07
3.30,135.00,106.63
3.31,135.00,106.96
3.31,135.00,106.95
3.32,135.00,107.00
3.32,135.00,107.21
3.33,135.00,107.23
3.33,135.00,107.35
3.34,135.00,107.52
3.34,135.00,107.85
3.35,135.00,108.17
3.35,135.00,108.75
3.36,135.00,109.08
3.37,135.00,108.54
3.37,135.00,108.92
3.38,135.00,108.63
3.38,135.00,108.79
3.39,135.00,108.12
3.39,135.00,108.34
3.40,135.00,108.77
3.40,135.00,108.42
3.41,135.00,108.27
3.41,135.00,108.72
3.42,135.00,108.27
3.42,135.00,107.85
3.43,135.00,107.97
3.43,135.00,108.44
3.44,135.00,108.72
3.44,135.00,108.53
3.45,135.00,108.26
3.45,135.00,108.38
3.46,135.00,108.46
3.46,135.00,108.37
3.47,135.00,108.38
3.47,135.00,108.35
3.48,135.00,108.14
3.48,135.00,108.13
3.49,135.00,108.47
3.49,135.00,108.52
3.50,135.00,108.69
3.50,135.00,108.42
3.51,135.00,109.00
3.51,135.00,108.61
3.52,135.00,108.71
3.52,135.00,108.77
3.53,135.00,108.31
3.53,135.00,108.82
3.54,135.00,108.73
3.54,135.00,109.21
3.55,135.00,108.91
3.55,135.00,108.68
3.56,135.00,108.69
3.56,135.00,108.28
3.57,135.00,108.69
3.57,135.00,108.46
3.58,135.00,108.78
3.59,135.00,108.71
3.59,135.00,109.37
3.60,135.00,109.19
3.60,135.00,109.13
3.61,135.00,109.58
3.61,135.00,109.67
3.62,135.00,109.33
3.62,135.00,109.63
3.63,135.00,110.18
3.63,135.00,109.81
3.64,135.00,109.91
3.64,135.00,110.30
3.65,135.00,110.37
3.65,135.00,110.90
3.66,135.00,110.84
3.66,135.00,110.79
3.67,135.00,110.89
3.67,135.00,111.26
3.68,135.00,111.11
3.68,135.00,111.29
3.69,135.00,111.53
3.69,135.00,111.96
3.70,135.00,111.63
3.70,135.00,111.99
3.71,135.00,112.40
3.71,135.00,112.63
3.72,135.00,112.86
3.72,135.00,112.40
3.73,135.00,112.25
3.73,135.00,112.85
3.74,135.00,112.70
3.74,135.00,112.79
3.75,135.00,112.31
3.75,135.00,112.59
3.76,135.00,113.05
3.76,135.00,113.37
3.77,135.00,113.76
3.77,135.00,113.92
3.78,135.00,114.36
3.78,135.00,114.42
3.79,135.00,114.63
3.80,135.00,114.90
3.80,135.00,114.95
3.81,135.00,115.41
3.81,135.00,115.61
3.82,135.00,115.54
3.82,135.00,115.95
3.83,135.00,116.09
3.83,135.00,116.20
3.84,135.00,116.37
3.84,135.00,116.45
3.85,135.00,116.28
3.85,135.00,116.49
3.86,135.00,116.54
3.86,135.00,117.10
3.87,135.00,116.95
3.87,135.00,117.50
3.88,135.00,117.53
3.88,135.00,117.50
3.89,135.00,118.23
3.89,135.00,117.96
3.90,135.00,118.57
3.90,135.00,118.12
3.91,135.00,118.42
3.91,135.00,118.58
3.92,135.00,118.78
3.92,135.00,119.16
3.93,135.00,119.77
3.93,135.00,120.37
3.94,135.00,120.97
3.94,135.00,121.14
3.95,135.00,121.08
3.95,135.00,121.72
3.96,135.00,121.51
3.96,135.00,122.00
3.97,135.00,122.12
3.97,135.00,121.86
3.98,135.00,122.13
3.98,135.00,122.27
3.99,135.00,122.24
3.99,135.00,122.94
4.00,135.00,122.75
4.01,135.00,123.07
4.01,135.00,122.60
4.01,135.00,123.19
4.02,135.00,123.34
4.03,135.00,123.31
4.03,135.00,123.96
4.03,135.00,123.90
4.04,135.00,124.70
4.05,135.00,124.85
4.05,135.00,124.93
4.06,135.00,125.39
4.06,135.00,124.93
4.07,135.00,124.60
4.07,135.00,124.95
4.08,135.00,124.82
4.08,135.00,125.17
4.09,135.00,125.50
4.09,135.00,125.51
4.10,135.00,126.01
4.10,135.00,124.93
4.11,135.00,126.31
4.11,135.00,126.07
4.12,135.00,126.20
4.12,135.00,126.05
4.13,135.00,125.92
4.13,135.00,125.84
4.14,135.00,125.54
4.14,135.00,125.30
4.15,135.00,125.39
4.15,135.00,125.86
4.16,135.00,125.46
4.16,135.00,125.84
4.17,135.00,125.26
4.17,135.00,125.03
4.18,135.00,125.11
4.18,135.00,124.58
4.19,135.00,124.44
4.19,135.00,124.59
4.20,135.00,124.20
4.20,135.00,124.28
4.21,135.00,124.35
4.21,135.00,124.34
4.22,135.00,123.69
4.23,135.00,123.92
4.23,135.00,123.96
4.24,135.00,123.38
4.24,135.00,123.38
4.25,135.00,122.77
4.25,135.00,122.23
4.26,135.00,122.41
4.26,135.00,121.82
4.27,135.00,121.94
4.27,135.00,122.08
4.28,135.00,121.76
4.28,135.00,121.41
4.29,135.00,121.02
4.29,135.00,120.75
4.30,135.00,120.48
4.30,135.00,120.78
4.31,135.00,120.34
4.32,135.00,119.94
4.32,135.00,119.65
4.32,135.00,119.38
4.33,135.00,119.26
4.34,135.00,118.80
4.34,135.00,118.27
4.35,135.00,117.86
4.35,135.00,117.45
4.36,135.00,116.91
4.36,135.00,116.14
4.37,135.00,116.06
4.37,135.00,115.65
4.38,135.00,115.47
4.38,135.00,115.35
4.39,135.00,114.99
4.39,135.00,114.88
4.40,135.00,114.73
4.40,135.00,114.40
4.41,135.00,114.14
4.41,135.00,113.94
4.42,135.00,113.84
4.42,135.00,113.68
4.43,135.00,113.27
4.43,135.00,113.04
4.44,135.00,112.81
4.45,135.00,112.67
4.45,135.00,112.75
4.46,135.00,112.05
4.46,135.00,111.46
4.47,135.00,110.81
4.47,135.00,110.35
4.48,135.00,110.13
4.48,135.00,109.43
4.49,135.00,109.14
4.49,135.00,109.14
4.50,135.00,108.43
4.50,135.00,107.87
4.51,135.00,107.37
4.51,135.00,106.89
4.52,135.00,107.43
4.52,135.00,107.03
4.53,135.00,106.93
4.53,135.00,106.51
4.54,135.00,106.35
4.54,135.00,106.83
4.55,135.00,106.06
4.55,135.00,105.89
4.56,135.00,105.78
4.56,135.00,106.08
4.57,135.00,105.42
4.57,135.00,105.30
4.58,135.00,104.95
4.58,135.00,104.76
4.59,135.00,104.33
4.59,135.00,103.97
4.60,135.00,103.42
4.61,135.00,102.86
4.61,135.00,103.11
4.61,135.00,102.76
4.62,135.00,102.50
4.63,135.00,101.86
4.63,135.00,102.02
4.64,135.00,101.44
4.64,135.00,101.21
4.65,135.00,101.07
4.65,135.00,100.50
4.66,135.00,100.68
4.66,135.00,100.15
4.67,135.00,100.60
4.67,135.00,100.94
4.68,135.00,100.67
4.68,135.00,100.71
4.69,135.00,100.94
4.69,135.00,100.78
4.70,135.00,100.25
4.71,135.00,99.71
4.71,135.00,99.80
4.72,135.00,99.44
4.72,135.00,98.74
4.73,135.00,98.74
4.73,135.00,97.94
4.74,135.00,98.13
4.74,135.00,98.27
4.75,135.00,97.89
4.75,135.00,98.08
4.76,135.00,97.80
4.76,135.00,97.40
4.77,135.00,97.29
4.78,135.00,97.31
4.78,135.00,97.14
4.79,135.00,97.17
4.79,135.00,97.07
4.80,135.00,97.36
4.80,135.00,97.37
4.81,135.00,96.99
4.81,135.00,96.94
4.82,135.00,97.01
4.83,135.00,96.57
4.83,135.00,96.87
4.84,135.00,96.69
4.84,135.00,96.47
4.85,135.00,96.55
4.85,135.00,96.33
4.86,135.00,96.82
4.86,135.00,96.59
4.87,135.00,96.83
4.88,135.00,96.61
4.88,135.00,96.58
4.89,135.00,96.62
4.89,135.00,96.92
4.90,135.00,97.05
4.90,135.00,97.29
4.91,135.00,96.94
4.91,135.00,97.38
4.92,135.00,97.40
4.93,135.00,97.69
4.93,135.00,97.65
4.94,135.00,97.68
4.94,135.00,97.84
4.95,135.00,97.81
4.95,135.00,97.90
4.96,135.00,98.60
4.96,135.00,98.74
4.97,135.00,98.76
4.97,135.00,99.17
4.98,135.00,99.38
4.98,135.00,99.53
4.99,135.00,99.79
5.00,135.00,99.97
5.00,135.00,99.77
5.01,135.00,100.13
5.01,135.00,100.07
5.02,135.00,100.27
5.02,135.00,100.37
5.03,135.00,100.69
5.03,135.00,100.80
5.04,135.00,100.80
5.04,135.00,100.98
5.05,135.00,100.75
5.05,135.00,100.98
5.06,135.00,101.18
5.06,135.00,101.19
5.07,135.00,101.44
5.07,135.00,102.02
5.08,135.00,102.11
5.09,135.00,102.31
5.09,135.00,102.44
5.09,135.00,102.91
5.10,135.00,103.12
5.11,135.00,103.69
5.11,135.00,103.71
5.12,135.00,103.98
5.12,135.00,103.85
5.13,135.00,104.28
5.13,135.00,104.74
5.14,135.00,105.05
5.14,135.00,105.47
5.15,135.00,105.54
5.15,135.00,105.87
5.16,135.00,106.00
5.17,135.00,106.32
5.17,135.00,106.71
5.18,135.00,106.74
5.18,135.00,106.88
5.19,135.00,107.40
5.19,135.00,107.72
5.20,135.00,107.91
5.20,135.00,108.27
5.21,135.00,108.87
5.21,135.00,108.68
5.22,135.00,109.18
5.22,135.00,109.56
5.23,135.00,109.73
5.23,135.00,109.82
5.24,135.00,109.99
5.24,135.00,110.43
5.25,135.00,110.84
5.25,135.00,111.16
5.26,135.00,111.27
5.26,135.00,111.44
5.27,135.00,111.68
5.27,135.00,111.97
5.28,135.00,112.07
5.28,135.00,112.37
5.29,135.00,112.71
5.29,135.00,113.00
5.30,135.00,112.83
5.30,135.00,113.24
5.31,135.00,113.10
5.31,135.00,113.53
5.32,135.00,113.63
5.32,135.00,113.74
5.33,135.00,113.60
5.33,135.00,113.92
5.34,135.00,114.24
5.34,135.00,114.05
5.35,135.00,114.39
5.35,135.00,114.43
5.36,135.00,114.62
5.36,135.00,114.90
5.37,135.00,115.16
5.38,135.00,115.29
5.38,135.00,115.54
5.39,135.00,115.68
5.39,135.00,115.78
5.40,135.00,115.75
5.40,135.00,116.02
5.41,135.00,116.06
5.41,135.00,116.05
5.42,135.00,116.40
5.42,135.00,116.21
5.43,135.00,116.29
5.43,135.00,116.73
5.44,135.00,116.60
5.44,135.00,116.91
5.45,135.00,117.01
5.45,135.00,117.09
5.46,135.00,116.89
5.46,135.00,117.09
5.47,135.00,117.28
5.47,135.00,117.34
5.48,135.00,117.54
5.48,135.00,117.47
5.49,135.00,117.54
5.49,135.00,117.70
5.50,135.00,117.71
5.50,135.00,117.93
5.51,135.00,117.87
5.51,135.00,118.02
5.52,135.00,117.98
5.52,135.00,117.96
5.53,135.00,118.46
5.53,135.00,118.67
5.54,135.00,118.35
5.54,135.00,118.09
5.55,135.00,118.47
5.56,135.00,118.50
5.56,135.00,118.33
5.57,135.00,118.24
5.57,135.00,118.17
5.58,135.00,118.27
5.58,135.00,118.07
5.59,135.00,118.29
5.59,135.00,118.24
5.60,135.00,118.16
5.60,135.00,118.03
5.61,135.00,118.34
5.61,135.00,118.08
5.62,135.00,118.15
5.62,135.00,118.33
5.63,135.00,118.15
5.63,135.00,118.12
5.64,135.00,118.21
5.64,135.00,118.32
5.65,135.00,117.93
5.65,135.00,117.84
5.66,135.00,118.29
5.66,135.00,118.09
5.67,135.00,117.85
5.68,135.00,117.79
5.68,135.00,118.04
5.69,135.00,117.89
5.69,135.00,117.61
5.70,135.00,117.67
5.70,135.00,117.35
5.71,135.00,117.48
5.71,135.00,117.67
5.72,135.00,116.90
5.72,135.00,117.02
5.73,135.00,116.93
5.73,135.00,116.74
5.74,135.00,116.60
5.74,135.00,116.51
5.75,135.00,116.78
5.75,135.00,116.44
5.76,135.00,116.57
5.76,135.00,116.46
5.77,135.00,116.55
5.77,135.00,116.19
5.78,135.00,115.82
5.78,135.00,115.55
5.79,135.00,115.21
5.79,135.00,115.39
5.80,135.00,114.93
5.80,135.00,114.83
5.81,135.00,114.87
5.81,135.00,114.47
5.82,135.00,114.60
5.82,135.00,114.27
5.83,135.00,114.01
5.83,135.00,113.76
5.84,135.00,113.30
5.84,135.00,113.37
5.85,135.00,112.95
5.85,135.00,113.14
5.86,135.00,113.09
5.86,135.00,112.52
5.87,135.00,112.43
5.87,135.00,112.02
5.88,135.00,111.89
5.89,135.00,110.99
5.89,135.00,111.12
5.90,135.00,110.74
5.90,135.00,110.50
5.91,135.00,110.10
5.91,135.00,109.68
5.92,135.00,110.20
5.92,135.00,109.82
5.93,135.00,109.32
5.93,135.00,109.23
5.94,135.00,109.20
5.94,135.00,109.25
5.95,135.00,108.93
5.95,135.00,109.04
5.96,135.00,108.65
5.96,135.00,108.55
5.97,135.00,108.35
5.98,135.00,108.53
5.98,135.00,108.54
5.99,135.00,108.34
5.99,135.00,108.80
6.00,135.00,108.11
6.00,135.00,108.43
6.01,135.00,108.11
6.01,135.00,108.02
6.02,135.00,107.62
6.02,135.00,107.59
6.03,135.00,107.40
6.03,135.00,107.32
6.04,135.00,107.46
6.04,135.00,107.52
6.05,135.00,107.46
6.05,135.00,107.04
6.06,135.00,106.98
6.06,135.00,106.37
6.07,135.00,106.69
6.07,135.00,106.43
6.08,135.00,106.92
6.08,135.00,106.54
6.09,135.00,106.51
6.09,135.00,106.33
6.10,135.00,106.78
6.10,135.00,105.99
6.11,135.00,106.10
6.11,135.00,106.05
6.12,135.00,105.85
6.12,135.00,105.44
6.13,135.00,105.44
6.13,135.00,105.63
6.14,135.00,105.15
6.14,135.00,105.29
6.15,135.00,104.98
6.15,135.00,104.88
6.16,135.00,104.61
6.17,135.00,104.15
6.17,135.00,104.32
6.18,135.00,103.92
6.18,135.00,104.13
6.19,135.00,104.23
6.19,135.00,103.58
6.20,135.00,103.47
6.20,135.00,102.97
6.21,135.00,102.98
6.21,135.00,102.73
6.22,135.00,102.98
6.22,135.00,102.68
6.23,135.00,103.23
6.23,135.00,102.92
6.24,135.00,102.36
6.24,135.00,102.56
6.25,135.00,102.29
6.25,135.00,102.63
6.26,135.00,102.59
6.26,135.00,102.67
6.27,135.00,102.26
6.28,135.00,102.24
6.28,135.00,102.12
6.28,135.00,102.10
6.29,135.00,102.39
6.30,135.00,102.31
6.30,135.00,101.51
6.30,135.00,102.15
6.31,135.00,102.06
6.32,135.00,101.50
6.32,135.00,101.97
6.33,135.00,101.65
6.33,135.00,101.36
6.34,135.00,101.53
6.34,135.00,101.26
6.35,135.00,101.39
6.36,135.00,101.61
6.36,135.00,101.55
6.36,135.00,101.42
6.37,135.00,101.58
6.38,135.00,101.43
6.38,135.00,101.76
6.39,135.00,101.17
6.39,135.00,101.44
6.40,135.00,101.36
6.40,135.00,101.15
6.41,135.00,101.75
6.41,135.00,101.50
6.42,135.00,102.10
6.42,135.00,101.64
6.43,135.00,101.57
6.43,135.00,101.80
6.44,135.00,102.32
6.45,135.00,102.35
6.45,135.00,102.21
6.46,135.00,102.24
6.46,135.00,101.94
6.47,135.00,102.53
6.47,135.00,102.58
6.48,135.00,102.78
6.48,135.00,102.67
6.49,135.00,102.91
6.49,135.00,103.05
6.50,135.00,102.92
6.50,135.00,103.65
6.51,135.00,103.67
6.51,135.00,103.49
6.52,135.00,103.90
6.52,135.00,104.40
6.53,135.00,104.11
6.53,135.00,104.01
6.54,135.00,104.67
6.54,135.00,105.12
6.55,135.00,105.23
6.55,135.00,105.52
6.56,135.00,105.69
6.56,135.00,105.87
6.57,135.00,106.21
6.57,135.00,105.82
6.58,135.00,105.92
6.58,135.00,105.99
6.59,135.00,106.29
6.59,135.00,105.98
6.60,135.00,106.64
6.60,135.00,106.75
6.61,135.00,107.11
6.61,135.00,106.90
6.62,135.00,107.07
6.62,135.00,107.14
6.63,135.00,107.64
6.63,135.00,107.39
6.64,135.00,107.56
6.64,135.00,107.41
6.65,135.00,107.86
6.66,135.00,107.73
6.66,135.00,107.85
6.67,135.00,108.20
6.67,135.00,108.27
6.68,135.00,108.34
6.68,135.00,108.19
6.69,135.00,108.32
6.69,135.00,108.31
6.70,135.00,108.21
6.70,135.00,108.36
6.71,135.00,108.35
6.71,135.00,108.30
6.72,135.00,108.24
6.72,135.00,108.40
6.73,135.00,108.25
6.73,135.00,108.37
6.74,135.00,109.08
6.75,135.00,108.89
6.75,135.00,108.70
6.76,135.00,108.72
6.76,135.00,108.51
6.76,135.00,108.81
6.77,135.00,108.42
6.78,135.00,108.82
6.78,135.00,108.68
6.79,135.00,108.98
6.79,135.00,108.80
6.80,135.00,108.79
6.80,135.00,109.01
6.81,135.00,109.07
6.81,135.00,109.15
6.82,135.00,109.35
6.82,135.00,109.64
6.83,135.00,108.89
6.83,135.00,109.18
6.84,135.00,109.55
6.84,135.00,109.23
6.85,135.00,109.02
6.85,135.00,109.01
6.86,135.00,109.14
6.86,135.00,109.39
6.87,135.00,109.02
6.87,135.00,109.17
6.88,135.00,109.49
6.88,135.00,109.36
6.89,135.00,109.42
6.89,135.00,109.65
6.90,135.00,109.79
6.90,135.00,109.91
6.91,135.00,110.05
6.91,135.00,110.06
6.92,135.00,110.47
6.92,135.00,110.68
6.93,135.00,110.73
6.93,135.00,110.91
6.94,135.00,110.80
6.94,135.00,110.76
6.95,135.00,110.50
6.96,135.00,110.65
6.96,135.00,110.39
6.97,135.00,110.50
6.97,135.00,110.36
6.98,135.00,110.31
6.98,135.00,110.26
6.99,135.00,110.57
6.99,135.00,110.16
7.00,135.00,110.65
7.00,135.00,110.53
7.01,135.00,110.24
7.01,135.00,110.54
7.02,135.00,110.48
7.02,135.00,110.48
7.03,135.00,110.40
7.03,135.00,110.57
7.04,135.00,110.66
7.04,135.00,110.36
7.05,135.00,110.73
7.05,135.00,111.21
7.06,135.00,110.92
7.06,135.00,110.66
7.07,135.00,111.08
7.07,135.00,111.22
7.08,135.00,111.59
7.08,135.00,111.10
7.09,135.00,111.53
7.09,135.00,111.51
7.10,135.00,111.08
7.10,135.00,110.95
7.11,135.00,110.87
7.11,135.00,111.21
7.12,135.00,111.31
7.12,135.00,110.92
7.13,135.00,110.83
7.13,135.00,110.64
7.14,135.00,110.50
7.14,135.00,110.25
7.15,135.00,110.23
7.15,135.00,110.27
7.16,135.00,110.20
7.17,135.00,110.40
7.17,135.00,110.09
7.18,135.00,110.00
7.18,135.00,110.23
7.19,135.00,110.38
7.19,135.00,110.24
7.20,135.00,110.39
7.20,135.00,110.32
7.21,135.00,110.67
7.21,135.00,110.57
7.22,135.00,110.53
7.22,135.00,110.64
7.23,135.00,110.57
7.23,135.00,110.37
7.24,135.00,110.71
7.24,135.00,110.29
7.25,135.00,110.09
7.26,135.00,109.97
7.26,135.00,109.58
7.26,135.00,109.92
7.27,135.00,109.34
7.28,135.00,109.38
7.28,135.00,108.46
7.28,135.00,108.98
7.29,135.00,109.05
7.30,135.00,109.02
7.30,135.00,109.65
7.31,135.00,109.50
7.31,135.00,109.84
7.32,135.00,108.83
7.32,135.00,109.13
7.33,135.00,109.63
7.33,135.00,110.05
7.34,135.00,109.84
7.34,135.00,109.77
7.35,135.00,109.98
7.35,135.00,109.98
7.36,135.00,110.06
7.36,135.00,110.15
7.37,135.00,110.40
7.37,135.00,110.19
7.38,135.00,110.37
7.38,135.00,110.26
7.39,135.00,110.27
7.39,135.00,110.00
7.40,135.00,109.89
7.40,135.00,109.90
7.41,135.00,109.61
7.41,135.00,109.60
7.42,135.00,109.67
7.42,135.00,109.70
7.43,135.00,109.42
7.43,135.00,109.64
7.44,135.00,109.21
7.44,135.00,109.45
7.45,135.00,109.74
7.45,135.00,109.32
7.46,135.00,109.39
7.47,135.00,109.53
7.47,135.00,109.70
7.48,135.00,109.60
7.48,135.00,109.69
7.49,135.00,109.96
7.49,135.00,109.91
7.50,135.00,109.69
7.50,135.00,109.57
7.51,135.00,109.33
7.51,135.00,109.41
7.52,135.00,109.16
7.52,135.00,109.49
7.53,135.00,109.05
7.53,135.00,108.71
7.54,135.00,108.36
7.54,135.00,108.41
7.55,135.00,108.57
7.55,135.00,108.31
7.56,135.00,108.46
7.56,135.00,108.30
7.57,135.00,108.22
7.57,135.00,107.93
7.58,135.00,108.05
7.58,135.00,107.93
7.59,135.00,108.16
7.59,135.00,107.99
7.60,135.00,108.30
7.60,135.00,108.18
7.61,135.00,108.08
7.61,135.00,108.22
7.62,135.00,108.09
7.62,135.00,107.73
7.63,135.00,107.79
7.63,135.00,107.86
7.64,135.00,107.85
7.64,135.00,107.77
7.65,135.00,107.70
7.65,135.00,107.60
7.66,135.00,107.90
7.66,135.00,107.90
7.67,135.00,108.17
7.67,135.00,107.88
7.68,135.00,107.54
7.68,135.00,107.63
7.69,135.00,107.66
7.69,135.00,107.55
7.70,135.00,107.68
7.70,135.00,107.78
7.71,135.00,107.58
7.71,135.00,107.67
7.72,135.00,107.79
7.73,135.00,107.86
7.73,135.00,107.74
7.74,135.00,108.16
7.74,135.00,107.99
7.75,135.00,108.48
7.75,135.00,108.15
7.76,135.00,108.41
7.76,135.00,108.48
7.77,135.00,108.29
7.77,135.00,108.35
7.78,135.00,108.42
7.78,135.00,108.52
7.79,135.00,108.65
7.79,135.00,108.51
7.80,135.00,108.66
7.80,135.00,108.61
7.81,135.00,108.74
7.81,135.00,108.96
7.82,135.00,108.77
7.82,135.00,108.82
7.83,135.00,109.25
7.83,135.00,109.02
7.84,135.00,108.68
7.84,135.00,108.75
7.85,135.00,109.11
7.85,135.00,109.25
7.86,135.00,108.84
7.86,135.00,108.97
7.87,135.00,108.72
7.87,135.00,108.77
7.88,135.00,108.95
7.88,135.00,109.25
7.89,135.00,109.07
7.89,135.00,109.09
7.90,135.00,109.14
7.90,135.00,109.06
7.91,135.00,109.01
7.91,135.00,109.34
7.92,135.00,109.40
7.92,135.00,109.41
7.93,135.00,109.56
7.94,135.00,109.65
7.94,135.00,109.16
7.95,135.00,109.07
7.95,135.00,109.08
7.96,135.00,109.45
7.96,135.00,108.97
