-0.25,90,90
0.005,90,90
0.01,90.41,94.13
0.01,91.23,95.17
0.02,92.03,96.07
0.02,92.82,97.51
0.03,93.60,97.85
0.03,94.36,98.95
0.04,95.10,99.88
0.04,95.83,100.85
0.05,96.55,101.95
0.05,97.26,102.63
0.06,97.95,104.06
0.06,98.63,105.22
0.07,99.30,106.43
0.07,99.95,107.54
0.08,100.60,108.67
0.08,101.23,110.09
0.09,101.85,111.22
0.09,102.46,111.96
0.10,103.05,113.40
0.10,103.64,114.42
0.11,104.22,115.25
0.11,104.78,115.89
0.12,105.34,117.18
0.12,105.88,118.13
0.13,106.41,119.16
0.13,106.94,119.68
0.14,107.45,121.29
0.14,107.96,122.21
0.15,108.46,122.93
0.15,108.94,124.47
0.16,109.42,125.06
0.17,109.89,126.42
0.17,110.35,127.31
0.18,110.80,128.06
0.18,111.25,129.44
0.19,111.68,130.00
0.19,112.11,130.55
0.20,112.53,131.88
0.20,112.94,131.54
0.21,113.35,131.62
0.21,113.75,130.58
0.22,114.14,130.63
0.22,114.52,130.75
0.23,114.90,130.27
0.23,115.26,130.72
0.24,115.63,130.78
0.24,115.98,130.84
0.25,116.33,130.52
0.25,116.67,130.82
0.26,117.01,130.94
0.26,117.34,130.34
0.27,117.66,130.44
0.27,117.98,130.14
0.28,118.29,129.98
0.28,118.60,129.86
0.29,118.90,129.20
0.29,119.20,129.35
0.30,119.49,129.91
0.31,119.77,129.88
0.31,120.05,130.20
0.32,120.33,130.48
0.32,120.60,130.09
0.33,120.86,130.45
0.33,121.12,130.80
0.34,121.37,131.63
0.34,121.62,130.70
0.35,121.87,130.47
0.35,122.11,131.15
0.36,122.35,130.70
0.36,122.58,130.87
0.37,122.81,130.76
0.37,123.03,130.97
0.38,123.25,131.22
0.39,123.47,131.06
0.39,123.68,131.54
0.40,123.89,131.19
0.40,124.09,131.73
0.41,124.29,131.31
0.41,124.49,132.25
0.42,124.68,132.11
0.43,124.87,132.27
0.43,125.05,132.16
0.44,125.24,132.25
0.44,125.42,132.16
0.45,125.59,132.00
0.45,125.76,132.28
0.45,125.93,132.19
0.46,126.10,132.23
0.47,126.26,132.01
0.47,126.42,132.18
0.48,126.58,132.11
0.48,126.74,132.06
0.49,126.89,132.26
0.50,127.04,132.06
0.50,127.18,131.99
0.51,127.33,131.47
0.51,127.47,131.36
0.52,127.61,131.44
0.52,127.74,131.72
0.53,127.87,131.93
0.53,128.01,131.48
0.54,128.13,131.24
0.54,128.26,130.59
0.55,128.38,131.30
0.55,128.50,131.78
0.56,128.62,131.03
0.56,128.74,131.15
0.57,128.86,131.26
0.57,128.97,131.23
0.58,129.08,131.01
0.59,129.19,131.30
0.59,129.29,131.25
0.60,129.40,131.53
0.60,129.50,131.11
0.61,129.60,130.91
0.61,129.70,131.49
0.62,129.80,131.33
0.62,129.89,131.54
0.63,129.99,131.16
0.63,130.08,131.67
0.64,130.17,132.05
0.64,130.26,131.46
0.65,130.35,131.81
0.65,130.43,131.86
0.66,130.52,131.56
0.67,130.60,132.55
0.67,130.68,132.25
0.68,130.76,132.24
0.68,130.84,132.40
0.69,130.91,132.36
0.69,130.99,132.67
0.70,131.06,132.57
0.70,131.13,132.46
0.71,131.20,132.53
0.71,131.27,132.82
0.72,131.34,132.71
0.72,131.41,132.28
0.73,131.48,132.49
0.73,131.54,132.72
0.74,131.60,132.85
0.74,131.67,132.95
0.75,131.73,132.46
0.76,131.79,132.77
0.76,131.85,132.72
0.77,131.90,132.79
0.77,131.96,132.46
0.78,132.02,132.51
0.78,132.07,132.52
0.79,132.13,132.54
0.79,132.18,132.55
0.80,132.23,132.48
0.81,132.28,132.79
0.81,132.33,132.83
0.81,132.38,132.56
0.82,132.43,132.78
0.83,132.47,132.64
0.83,132.52,132.87
0.83,132.57,132.15
0.84,132.61,132.23
0.85,132.66,132.61
0.86,132.70,131.93
0.86,132.74,132.08
0.86,132.78,131.98
0.87,132.82,131.49
0.88,132.86,131.59
0.88,132.90,131.81
0.88,132.94,131.72
0.89,132.98,131.62
0.90,133.02,131.57
0.90,133.05,131.61
0.91,133.09,131.64
0.91,133.12,131.48
0.92,133.16,131.46
0.92,133.19,131.60
0.93,133.22,131.77
0.93,133.26,131.32
0.94,133.29,131.44
0.94,133.32,131.27
0.95,133.35,131.42
0.95,133.38,131.51
0.96,133.41,131.40
0.97,133.44,131.21
0.97,133.47,131.37
0.98,133.50,131.48
0.98,133.52,131.49
0.99,133.55,131.52
0.99,133.58,131.54
1.00,133.60,131.72
1.00,133.63,131.36
1.01,133.65,131.56
1.01,133.68,131.40
1.02,133.70,131.62
1.02,133.73,131.75
1.03,133.75,131.68
1.03,133.77,131.77
1.04,133.80,132.05
1.04,133.82,131.90
1.05,133.84,132.28
1.05,133.86,132.50
1.06,133.88,132.70
1.07,133.90,132.62
1.07,133.92,132.85
1.08,133.94,132.86
1.08,133.96,132.95
1.09,133.98,132.52
1.09,134.00,132.67
1.10,134.02,132.75
1.10,134.04,133.03
1.11,134.05,133.06
1.11,134.07,133.25
1.12,134.09,132.97
1.12,134.11,132.82
1.13,134.12,132.76
1.13,134.14,133.21
1.14,134.15,133.04
1.14,134.17,132.97
1.15,134.18,133.21
1.15,134.20,133.32
1.16,134.21,133.50
1.16,134.23,133.08
1.17,134.24,133.25
1.17,134.26,133.41
1.18,134.27,133.68
1.19,134.28,133.46
1.19,134.30,133.63
1.20,134.31,133.79
1.20,134.32,133.32
1.21,134.33,133.45
1.21,134.35,133.46
1.22,134.36,133.30
1.22,134.37,133.00
1.23,134.38,133.10
1.23,134.39,133.39
1.24,134.40,133.16
1.24,134.42,133.26
1.25,134.43,133.26
1.25,134.44,132.71
1.26,134.45,132.44
1.26,134.46,132.59
1.27,134.47,132.71
1.27,134.48,132.70
1.28,134.49,132.55
1.28,134.50,132.44
1.29,134.51,132.30
1.29,134.51,132.73
1.30,134.52,132.64
1.30,134.53,132.45
1.31,134.54,132.07
1.31,134.55,131.93
1.32,134.56,132.21
1.33,134.57,132.32
1.33,134.57,132.30
1.34,134.58,132.41
1.34,134.59,132.26
1.35,134.60,132.15
1.35,134.60,132.10
1.36,134.61,131.99
1.36,134.62,131.94
1.37,134.63,132.66
1.37,134.63,132.37
1.38,134.64,132.30
1.38,134.65,131.82
1.39,134.65,132.14
1.39,134.66,132.08
1.40,134.66,131.55
1.41,134.67,132.13
1.41,134.68,131.92
1.42,134.68,131.96
1.42,134.69,132.26
1.43,134.69,132.31
1.43,134.70,132.34
1.44,134.71,132.09
1.44,134.71,131.78
1.45,134.72,131.45
1.45,134.72,131.24
1.46,134.73,131.64
1.46,134.73,132.13
1.47,134.74,132.29
1.48,134.74,132.22
1.48,134.75,132.36
1.49,134.75,132.17
1.49,134.76,132.41
1.50,134.76,132.46
1.50,134.76,132.55
1.51,134.77,132.67
1.51,134.77,132.84
1.52,134.78,132.96
1.52,134.78,132.49
1.53,134.79,132.65
1.53,134.79,132.29
1.54,134.79,132.25
1.54,134.80,131.89
1.55,134.80,132.29
1.55,134.80,132.22
1.56,134.81,131.77
1.57,134.81,131.92
1.57,134.81,131.68
1.58,134.82,131.98
1.58,134.82,131.72
1.59,134.82,132.07
1.59,134.83,131.92
1.60,134.83,131.74
1.60,134.83,132.32
1.61,134.84,132.20
1.61,134.84,131.67
1.62,134.84,131.61
1.62,134.85,131.86
1.63,134.85,132.44
1.63,134.85,132.53
1.64,134.85,131.98
1.65,134.86,133.18
1.65,134.86,133.41
1.66,134.86,133.40
1.66,134.86,133.14
1.67,134.87,132.86
1.67,134.87,132.89
1.68,134.87,132.91
1.68,134.87,132.69
1.69,134.88,132.64
1.69,134.88,132.91
1.70,134.88,132.83
1.71,134.88,132.47
1.71,134.89,132.19
1.72,134.89,132.34
1.72,134.89,132.48
1.73,134.89,132.35
1.73,134.89,132.38
1.74,134.90,132.66
1.74,134.90,132.60
1.75,134.90,132.75
1.75,134.90,132.62
1.76,134.90,132.95
1.76,134.91,132.94
1.77,134.91,132.63
1.77,134.91,132.45
1.78,134.91,132.66
1.79,134.91,132.65
1.79,134.91,132.33
1.80,134.92,132.62
1.80,134.92,132.59
1.81,134.92,132.13
1.81,134.92,131.98
1.82,134.92,132.65
1.82,134.92,132.73
1.83,134.92,131.44
1.84,134.93,131.01
1.84,134.93,131.91
1.85,134.93,131.42
1.85,134.93,131.11
1.86,134.93,131.44
1.86,134.93,131.58
1.87,134.93,130.97
1.87,134.93,131.13
1.88,134.94,130.79
1.88,134.94,130.95
1.89,134.94,130.93
1.89,134.94,131.12
1.90,134.94,130.64
1.90,134.94,130.79
1.91,134.94,130.88
1.91,134.94,130.83
1.92,134.94,130.55
1.93,134.95,130.79
1.93,134.95,130.93
1.94,134.95,130.69
1.94,134.95,130.97
1.95,134.95,131.05
1.95,134.95,131.10
1.96,134.95,131.16
1.96,134.95,131.18
1.97,134.95,131.25
1.97,134.95,131.13
1.98,134.95,131.17
1.98,134.96,130.65
1.99,134.96,130.83
1.99,134.96,130.81
2.00,134.96,131.03
2.00,134.96,131.15
2.01,134.96,131.08
2.02,134.96,131.56
2.02,134.96,131.53
2.03,134.96,131.50
2.03,134.96,131.78
2.04,134.96,132.09
2.04,134.96,131.81
2.05,134.96,131.98
2.05,134.97,132.08
2.06,134.97,131.22
2.06,134.97,131.03
2.07,134.97,131.81
2.07,134.97,131.70
2.08,134.97,131.60
2.09,134.97,131.12
2.09,134.97,131.31
2.10,134.97,131.57
2.10,134.97,131.29
2.11,134.97,130.92
2.11,134.97,131.22
2.12,134.97,131.56
2.12,134.97,131.76
2.13,134.97,131.86
2.14,134.97,131.64
2.14,134.97,131.72
2.15,134.97,131.29
2.15,134.98,131.18
2.16,134.98,131.07
2.16,134.98,131.21
2.17,134.98,131.07
2.17,134.98,130.99
2.18,134.98,131.20
2.18,134.98,131.47
2.19,134.98,131.16
2.19,134.98,130.89
2.20,134.98,131.19
2.20,134.98,130.91
2.21,134.98,130.89
2.21,134.98,131.39
2.22,134.98,131.08
2.22,134.98,131.20
2.23,134.98,130.98
2.23,134.98,131.08
2.24,134.98,131.22
2.24,134.98,131.07
2.25,134.98,130.96
2.25,134.98,130.84
2.26,134.98,131.13
2.26,134.98,131.29
2.27,134.98,131.24
2.27,134.98,131.30
2.28,134.98,131.55
2.29,134.98,131.58
2.29,134.99,131.78
2.30,134.99,131.55
2.30,134.99,131.67
2.31,134.99,131.85
2.31,134.99,131.86
2.32,134.99,131.81
2.32,134.99,131.52
2.33,134.99,131.29
2.33,134.99,131.04
2.34,134.99,130.90
2.34,134.99,131.16
2.35,134.99,131.24
2.35,134.99,131.52
2.36,134.99,131.36
2.36,134.99,131.27
2.37,134.99,131.35
2.37,134.99,131.38
2.38,134.99,131.36
2.39,134.99,131.12
2.39,134.99,131.76
2.40,134.99,131.46
2.40,134.99,131.32
2.41,134.99,131.59
2.41,134.99,130.69
2.42,134.99,131.02
2.42,134.99,130.59
2.43,134.99,130.32
2.44,134.99,130.21
2.44,134.99,130.40
2.45,134.99,130.01
2.45,134.99,130.19
2.46,134.99,130.48
2.46,134.99,129.87
2.47,134.99,130.06
2.47,134.99,130.17
2.48,134.99,129.60
2.48,134.99,128.99
2.49,134.99,129.32
2.49,134.99,129.45
2.50,134.99,129.06
2.50,134.99,129.16
2.51,134.99,129.61
2.52,134.99,129.26
2.52,134.99,128.83
2.53,134.99,129.04
2.53,134.99,129.29
2.54,134.99,129.13
2.54,134.99,129.29
2.55,134.99,129.37
2.55,134.99,129.56
2.56,134.99,129.29
2.56,134.99,129.14
2.57,134.99,129.05
2.57,134.99,129.20
2.58,134.99,129.11
2.58,134.99,129.19
2.59,134.99,128.98
2.59,134.99,129.41
2.60,135.00,129.31
2.60,135.00,129.14
2.61,135.00,129.19
2.61,135.00,128.82
2.62,135.00,129.80
2.62,135.00,129.59
2.63,135.00,130.35
2.64,135.00,130.56
2.64,135.00,130.17
2.65,135.00,130.61
2.65,135.00,130.42
2.66,135.00,130.16
2.66,135.00,130.16
2.67,135.00,130.06
2.67,135.00,129.92
2.68,135.00,130.08
2.68,135.00,130.48
2.69,135.00,130.74
2.69,135.00,130.86
2.70,135.00,130.88
2.70,135.00,130.81
2.71,135.00,130.28
2.71,135.00,130.28
2.72,135.00,130.20
2.73,135.00,130.70
2.73,135.00,130.70
2.74,135.00,130.28
2.74,135.00,130.61
2.75,135.00,130.95
2.75,135.00,130.49
2.76,135.00,130.55
2.76,135.00,130.96
2.77,135.00,131.32
2.78,135.00,131.19
2.78,135.00,131.36
2.79,135.00,130.93
2.79,135.00,131.11
2.80,135.00,130.91
2.80,135.00,130.74
2.81,135.00,130.99
2.81,135.00,131.07
2.82,135.00,131.11
2.82,135.00,130.72
2.83,135.00,130.71
2.83,135.00,130.61
2.84,135.00,130.42
2.84,135.00,129.94
2.85,135.00,129.96
2.85,135.00,129.89
2.86,135.00,130.01
2.86,135.00,129.99
2.87,135.00,130.21
2.87,135.00,130.49
2.88,135.00,130.59
2.88,135.00,130.53
2.89,135.00,130.30
2.89,135.00,130.02
2.90,135.00,129.95
2.90,135.00,130.20
2.91,135.00,130.06
2.91,135.00,130.45
2.92,135.00,130.15
2.92,135.00,130.40
2.93,135.00,129.95
2.93,135.00,130.02
2.94,135.00,130.41
2.94,135.00,130.49
2.95,135.00,129.23
2.95,135.00,129.72
2.96,135.00,129.49
2.96,135.00,129.66
2.97,135.00,129.60
2.98,135.00,128.68
2.98,135.00,128.33
2.99,135.00,128.45
2.99,135.00,128.31
3.00,135.00,128.30
3.00,135.00,128.16
3.01,135.00,128.06
3.01,135.00,127.97
3.02,135.00,128.03
3.03,135.00,127.76
3.03,135.00,127.70
3.04,135.00,128.07
3.04,135.00,127.66
3.05,135.00,128.17
3.05,135.00,128.40
3.06,135.00,127.85
3.06,135.00,127.59
3.07,135.00,127.79
3.07,135.00,127.84
3.08,135.00,127.78
3.08,135.00,127.53
3.09,135.00,127.79
3.09,135.00,128.29
3.10,135.00,127.88
3.10,135.00,128.09
3.11,135.00,128.02
3.11,135.00,127.95
3.12,135.00,127.87
3.12,135.00,128.05
3.13,135.00,127.92
3.13,135.00,128.20
3.14,135.00,128.02
3.14,135.00,128.02
3.15,135.00,127.91
3.15,135.00,128.95
3.16,135.00,128.52
3.16,135.00,128.49
3.17,135.00,128.56
3.17,135.00,128.06
3.18,135.00,128.25
3.18,135.00,128.63
3.19,135.00,128.43
3.19,135.00,128.87
3.20,135.00,128.75
3.20,135.00,128.93
3.21,135.00,129.18
3.22,135.00,128.36
3.22,135.00,128.66
3.23,135.00,128.92
3.23,135.00,128.97
3.24,135.00,128.59
3.24,135.00,128.79
3.25,135.00,128.74
3.25,135.00,128.76
3.26,135.00,129.33
3.26,135.00,129.52
3.27,135.00,129.33
3.27,135.00,129.56
3.28,135.00,129.51
3.29,135.00,129.62
3.29,135.00,129.33
3.30,135.00,128.88
3.30,135.00,129.44
3.31,135.00,129.31
3.31,135.00,129.32
3.32,135.00,129.49
3.32,135.00,129.59
3.33,135.00,129.74
3.33,135.00,129.93
3.34,135.00,129.82
3.34,135.00,130.07
3.35,135.00,129.68
3.35,135.00,129.83
3.36,135.00,129.06
3.36,135.00,129.43
3.37,135.00,129.37
3.37,135.00,129.40
3.38,135.00,129.72
3.38,135.00,130.04
3.39,135.00,130.04
3.39,135.00,130.16
3.40,135.00,129.96
3.40,135.00,130.38
3.41,135.00,130.10
3.41,135.00,130.09
3.42,135.00,130.28
3.42,135.00,131.01
3.43,135.00,130.69
3.43,135.00,130.85
3.44,135.00,130.83
3.45,135.00,131.33
3.45,135.00,131.22
3.46,135.00,131.24
3.46,135.00,130.95
3.47,135.00,131.08
3.47,135.00,131.13
3.48,135.00,130.91
3.48,135.00,130.72
3.49,135.00,131.12
3.49,135.00,131.50
3.50,135.00,131.38
3.50,135.00,131.20
3.51,135.00,131.10
3.51,135.00,130.90
3.52,135.00,130.59
3.52,135.00,130.61
3.53,135.00,130.46
3.54,135.00,130.51
3.54,135.00,130.78
3.55,135.00,130.59
3.55,135.00,130.83
3.56,135.00,130.78
3.56,135.00,131.42
3.57,135.00,131.51
3.57,135.00,131.50
3.58,135.00,131.62
3.58,135.00,131.25
3.59,135.00,131.17
3.59,135.00,131.11
3.60,135.00,130.93
3.60,135.00,131.28
3.61,135.00,131.37
3.62,135.00,131.55
3.62,135.00,131.36
3.63,135.00,131.45
3.63,135.00,131.82
3.64,135.00,131.64
3.64,135.00,131.95
3.65,135.00,132.03
3.65,135.00,131.95
3.66,135.00,132.12
3.66,135.00,132.15
3.67,135.00,132.44
3.67,135.00,132.53
3.68,135.00,132.75
3.68,135.00,132.84
3.69,135.00,132.90
3.69,135.00,132.83
3.70,135.00,132.57
3.70,135.00,133.01
3.71,135.00,132.83
3.71,135.00,133.14
3.72,135.00,133.36
3.72,135.00,133.61
3.73,135.00,133.82
3.73,135.00,133.41
3.74,135.00,133.52
3.74,135.00,133.32
3.75,135.00,133.55
3.76,135.00,133.46
3.76,135.00,133.69
3.77,135.00,133.73
3.77,135.00,133.44
3.78,135.00,133.68
3.78,135.00,134.09
3.79,135.00,134.20
3.79,135.00,134.02
3.80,135.00,134.58
3.80,135.00,134.07
3.81,135.00,133.46
3.81,135.00,133.79
3.82,135.00,133.47
3.82,135.00,133.96
3.83,135.00,133.35
3.84,135.00,133.44
3.84,135.00,133.54
3.85,135.00,133.52
3.85,135.00,133.45
3.86,135.00,133.64
3.86,135.00,133.54
3.87,135.00,133.37
3.87,135.00,133.44
3.88,135.00,133.44
3.89,135.00,133.02
3.89,135.00,133.32
3.90,135.00,133.18
3.90,135.00,133.31
3.91,135.00,133.38
3.91,135.00,133.73
3.92,135.00,133.64
3.92,135.00,133.95
3.93,135.00,133.65
3.93,135.00,133.60
3.94,135.00,134.17
3.94,135.00,133.97
3.95,135.00,133.98
3.95,135.00,133.79
3.96,135.00,133.79
3.96,135.00,133.40
3.97,135.00,133.24
3.97,135.00,133.34
3.98,135.00,133.61
3.98,135.00,133.45
3.99,135.00,133.38
4.00,135.00,133.71
4.00,135.00,133.64
4.01,135.00,133.89
4.01,135.00,134.30
4.02,135.00,134.18
4.02,135.00,134.29
4.03,135.00,134.05
4.03,135.00,134.81
4.04,135.00,134.71
4.04,135.00,134.81
4.05,135.00,134.75
4.05,135.00,134.67
4.06,135.00,134.98
4.06,135.00,134.64
4.07,135.00,134.85
4.07,135.00,134.99
4.08,135.00,134.97
4.08,135.00,135.11
4.09,135.00,135.39
4.09,135.00,134.91
4.10,135.00,134.79
4.10,135.00,134.61
4.11,135.00,134.39
4.11,135.00,134.76
4.12,135.00,134.78
4.12,135.00,134.26
4.13,135.00,134.52
4.14,135.00,134.65
4.14,135.00,134.59
4.15,135.00,134.75
4.15,135.00,135.05
4.16,135.00,135.00
4.16,135.00,135.14
4.17,135.00,135.60
4.17,135.00,135.52
4.18,135.00,135.02
4.18,135.00,135.31
4.19,135.00,135.15
4.19,135.00,134.81
4.20,135.00,135.01
4.20,135.00,135.04
4.21,135.00,134.77
4.21,135.00,134.85
4.22,135.00,134.79
4.22,135.00,134.82
4.23,135.00,135.03
4.24,135.00,134.91
4.24,135.00,134.57
4.25,135.00,134.44
4.25,135.00,134.31
4.26,135.00,134.26
4.26,135.00,134.27
4.27,135.00,134.61
4.27,135.00,134.27
4.28,135.00,134.16
4.28,135.00,134.20
4.29,135.00,134.60
4.29,135.00,134.66
4.30,135.00,134.78
4.30,135.00,135.09
4.31,135.00,135.62
4.31,135.00,135.80
4.32,135.00,135.54
4.32,135.00,135.29
4.33,135.00,135.83
4.33,135.00,136.18
4.34,135.00,136.07
4.34,135.00,135.96
4.35,135.00,135.81
4.35,135.00,136.03
4.36,135.00,135.91
4.36,135.00,136.05
4.37,135.00,136.07
4.37,135.00,136.25
4.38,135.00,136.69
4.38,135.00,137.12
4.39,135.00,137.00
4.40,135.00,137.21
4.40,135.00,137.02
4.41,135.00,136.96
4.41,135.00,137.22
4.42,135.00,137.32
4.42,135.00,137.51
4.43,135.00,137.51
4.43,135.00,137.45
4.44,135.00,137.32
4.45,135.00,137.64
4.45,135.00,137.83
4.46,135.00,138.03
4.46,135.00,137.97
4.47,135.00,137.83
4.47,135.00,137.73
4.48,135.00,138.12
4.48,135.00,138.13
4.49,135.00,137.87
4.49,135.00,137.66
4.50,135.00,137.79
4.50,135.00,138.43
4.51,135.00,138.31
4.51,135.00,137.96
4.52,135.00,138.06
4.52,135.00,137.96
4.53,135.00,138.44
4.53,135.00,138.23
4.54,135.00,138.13
4.54,135.00,138.34
4.55,135.00,138.40
4.55,135.00,138.44
4.56,135.00,138.15
4.56,135.00,138.32
4.57,135.00,138.24
4.58,135.00,138.38
4.58,135.00,138.25
4.59,135.00,138.07
4.59,135.00,138.35
4.60,135.00,138.67
4.60,135.00,138.94
4.61,135.00,138.74
4.61,135.00,138.57
4.62,135.00,138.49
4.62,135.00,138.69
4.63,135.00,138.69
4.63,135.00,138.67
4.64,135.00,138.93
4.64,135.00,138.77
4.65,135.00,138.68
4.65,135.00,138.64
4.66,135.00,138.86
4.66,135.00,139.19
4.67,135.00,138.98
4.67,135.00,139.39
4.68,135.00,139.21
4.68,135.00,139.34
4.69,135.00,139.60
4.70,135.00,139.63
4.70,135.00,139.46
4.71,135.00,138.99
4.71,135.00,139.09
4.72,135.00,139.08
4.72,135.00,139.29
4.73,135.00,139.08
4.73,135.00,138.98
4.74,135.00,138.92
4.74,135.00,139.12
4.75,135.00,138.97
4.75,135.00,138.80
4.76,135.00,138.63
4.76,135.00,138.77
4.77,135.00,138.79
4.77,135.00,138.61
4.78,135.00,138.64
4.78,135.00,138.74
4.79,135.00,138.84
4.79,135.00,138.40
4.80,135.00,138.47
4.80,135.00,138.48
4.81,135.00,138.47
4.81,135.00,138.50
4.82,135.00,138.88
4.82,135.00,138.86
4.83,135.00,138.71
4.83,135.00,138.64
4.84,135.00,139.01
4.84,135.00,138.93
4.85,135.00,139.03
4.85,135.00,138.79
4.86,135.00,139.05
4.86,135.00,138.45
4.87,135.00,138.28
4.87,135.00,138.31
4.88,135.00,137.84
4.88,135.00,137.54
4.89,135.00,137.63
4.89,135.00,137.49
4.90,135.00,137.63
4.91,135.00,137.47
4.91,135.00,137.77
4.92,135.00,137.57
4.92,135.00,137.87
4.93,135.00,137.51
4.93,135.00,137.57
4.94,135.00,138.07
4.95,135.00,137.48
4.95,135.00,137.51
4.96,135.00,137.76
4.96,135.00,137.79
4.97,135.00,137.91
4.97,135.00,137.93
4.98,135.00,137.89
4.98,135.00,137.85
4.99,135.00,137.69
4.99,135.00,137.41
5.00,135.00,137.99
5.00,135.00,137.68
5.01,135.00,137.48
5.01,135.00,137.17
5.02,135.00,137.58
5.02,135.00,137.73
5.03,135.00,137.29
5.03,135.00,137.24
5.04,135.00,137.38
5.04,135.00,137.32
5.05,135.00,137.27
5.05,135.00,137.10
5.06,135.00,137.06
5.06,135.00,137.07
5.07,135.00,137.37
5.07,135.00,137.19
5.08,135.00,137.09
5.08,135.00,137.27
5.09,135.00,137.34
5.09,135.00,137.21
5.10,135.00,137.23
5.10,135.00,137.33
5.11,135.00,137.80
5.11,135.00,137.39
5.12,135.00,137.07
5.12,135.00,137.18
5.13,135.00,137.09
5.13,135.00,137.17
5.14,135.00,136.67
5.14,135.00,136.91
5.15,135.00,136.92
5.15,135.00,136.95
5.16,135.00,136.87
5.17,135.00,136.17
5.17,135.00,136.23
5.18,135.00,136.57
5.18,135.00,136.65
5.19,135.00,136.66
5.19,135.00,136.32
5.20,135.00,136.49
5.21,135.00,136.53
5.21,135.00,136.50
5.22,135.00,136.75
5.22,135.00,136.70
5.23,135.00,136.78
5.23,135.00,137.25
5.24,135.00,137.14
5.24,135.00,136.95
5.25,135.00,136.73
5.25,135.00,136.98
5.26,135.00,137.02
5.26,135.00,137.46
5.27,135.00,137.24
5.27,135.00,137.01
5.28,135.00,137.35
5.28,135.00,137.05
5.29,135.00,137.16
5.29,135.00,137.12
5.30,135.00,137.28
5.30,135.00,137.16
5.31,135.00,136.69
5.31,135.00,136.55
5.32,135.00,136.77
5.32,135.00,137.15
5.33,135.00,136.32
5.33,135.00,136.63
5.34,135.00,136.70
5.34,135.00,137.00
5.35,135.00,136.43
5.35,135.00,136.68
5.36,135.00,136.76
5.36,135.00,136.60
5.37,135.00,136.63
5.37,135.00,137.44
5.38,135.00,137.50
5.38,135.00,137.30
5.39,135.00,137.07
5.39,135.00,136.93
5.40,135.00,137.67
5.41,135.00,137.48
5.41,135.00,137.49
5.42,135.00,137.20
5.42,135.00,137.23
5.43,135.00,136.97
5.43,135.00,137.25
5.44,135.00,137.58
5.44,135.00,137.55
5.45,135.00,137.66
5.46,135.00,137.55
5.46,135.00,137.78
5.47,135.00,137.75
5.47,135.00,137.85
5.48,135.00,138.01
5.48,135.00,138.05
5.49,135.00,138.36
5.49,135.00,138.67
5.50,135.00,139.20
5.50,135.00,139.24
5.51,135.00,139.63
5.51,135.00,140.12
5.52,135.00,140.21
5.52,135.00,140.48
5.53,135.00,140.80
5.53,135.00,141.83
5.54,135.00,141.97
5.54,135.00,142.39
5.55,135.00,141.98
5.55,135.00,142.62
5.56,135.00,143.29
5.56,135.00,143.43
5.57,135.00,144.42
5.58,135.00,144.33
5.58,135.00,144.43
5.59,135.00,144.71
5.59,135.00,145.33
5.60,135.00,145.80
5.60,135.00,146.16
5.61,135.00,145.67
5.61,135.00,146.42
5.62,135.00,146.88
5.62,135.00,147.06
5.63,135.00,147.26
5.63,135.00,147.83
5.64,135.00,147.73
5.64,135.00,147.70
5.65,135.00,148.16
5.65,135.00,148.63
5.66,135.00,149.14
5.66,135.00,149.50
5.67,135.00,149.67
5.67,135.00,150.06
5.68,135.00,150.46
5.69,135.00,151.19
5.69,135.00,151.45
5.70,135.00,151.63
5.70,135.00,151.80
5.71,135.00,152.20
5.71,135.00,152.39
5.72,135.00,152.47
5.72,135.00,152.60
5.73,135.00,152.77
5.73,135.00,152.89
5.74,135.00,152.99
5.74,135.00,152.99
5.75,135.00,153.75
5.76,135.00,153.72
5.76,135.00,153.59
5.76,135.00,153.74
5.77,135.00,153.86
5.78,135.00,153.96
5.78,135.00,154.31
5.79,135.00,154.41
5.79,135.00,154.52
5.80,135.00,154.79
5.80,135.00,154.69
5.81,135.00,155.47
5.82,135.00,155.39
5.82,135.00,155.38
5.82,135.00,155.49
5.83,135.00,155.57
5.84,135.00,155.38
5.84,135.00,155.36
5.85,135.00,155.27
5.85,135.00,155.52
5.86,135.00,155.46
5.86,135.00,155.07
5.87,135.00,154.97
5.87,135.00,154.98
5.88,135.00,154.59
5.88,135.00,154.72
5.89,135.00,154.79
5.89,135.00,154.68
5.90,135.00,154.48
5.90,135.00,154.39
5.91,135.00,154.29
5.91,135.00,153.96
5.92,135.00,153.74
5.93,135.00,153.35
5.93,135.00,153.04
5.94,135.00,152.95
5.94,135.00,152.68
5.95,135.00,152.36
5.95,135.00,151.89
5.96,135.00,151.74
5.96,135.00,151.57
5.97,135.00,151.52
5.97,135.00,151.51
5.98,135.00,151.18
5.98,135.00,150.80
5.99,135.00,150.72
5.99,135.00,150.40
6.00,135.00,150.21
6.00,135.00,149.81
6.01,135.00,149.58
6.01,135.00,149.11
6.02,135.00,149.03
6.02,135.00,148.96
6.03,135.00,148.71
6.03,135.00,147.93
6.04,135.00,147.77
6.04,135.00,147.60
6.05,135.00,147.68
6.05,135.00,147.17
6.06,135.00,146.89
6.07,135.00,146.63
6.07,135.00,146.33
6.07,135.00,145.60
6.08,135.00,145.56
6.09,135.00,145.32
6.09,135.00,145.03
6.10,135.00,144.57
6.10,135.00,144.13
6.11,135.00,143.41
6.11,135.00,143.29
6.12,135.00,142.68
6.12,135.00,142.47
6.13,135.00,142.48
6.13,135.00,141.96
6.14,135.00,141.86
6.14,135.00,140.91
6.15,135.00,140.77
6.15,135.00,140.79
6.16,135.00,140.76
6.16,135.00,140.53
6.17,135.00,140.11
6.17,135.00,139.68
6.18,135.00,139.15
6.18,135.00,138.70
6.19,135.00,138.50
6.19,135.00,137.91
6.20,135.00,137.01
6.20,135.00,137.03
6.21,135.00,136.59
6.21,135.00,135.73
6.22,135.00,135.68
6.22,135.00,134.98
6.23,135.00,134.04
6.23,135.00,133.70
6.24,135.00,133.39
6.24,135.00,132.74
6.25,135.00,132.47
6.25,135.00,131.98
6.26,135.00,131.64
6.26,135.00,131.28
6.27,135.00,131.36
6.28,135.00,130.95
6.28,135.00,131.22
6.28,135.00,130.65
6.29,135.00,129.97
6.30,135.00,129.65
6.30,135.00,129.08
6.31,135.00,129.37
6.32,135.00,128.57
6.32,135.00,128.60
6.32,135.00,128.11
6.33,135.00,127.67
6.34,135.00,127.67
6.34,135.00,127.09
6.34,135.00,127.32
6.35,135.00,127.17
6.36,135.00,126.46
6.36,135.00,126.16
6.37,135.00,125.47
6.37,135.00,125.08
6.38,135.00,124.03
6.38,135.00,123.87
6.39,135.00,123.14
6.39,135.00,122.68
6.40,135.00,122.12
6.40,135.00,121.92
6.41,135.00,120.84
6.41,135.00,120.58
6.42,135.00,120.43
6.42,135.00,119.31
6.43,135.00,119.34
6.43,135.00,119.55
6.44,135.00,119.34
6.45,135.00,118.83
6.45,135.00,118.35
6.46,135.00,118.03
6.46,135.00,117.75
6.47,135.00,117.36
6.47,135.00,116.45
6.48,135.00,115.81
6.48,135.00,115.54
6.49,135.00,115.10
6.49,135.00,115.20
6.50,135.00,114.49
6.50,135.00,114.47
6.51,135.00,114.64
6.51,135.00,114.29
6.52,135.00,114.04
6.52,135.00,113.65
6.53,135.00,113.54
6.53,135.00,113.36
6.54,135.00,112.67
6.54,135.00,112.48
6.55,135.00,112.01
6.55,135.00,111.49
6.56,135.00,110.44
6.57,135.00,110.68
6.57,135.00,110.28
6.58,135.00,110.79
6.58,135.00,110.21
6.59,135.00,110.42
6.59,135.00,110.15
6.60,135.00,109.76
6.60,135.00,109.97
6.61,135.00,109.89
6.61,135.00,110.00
6.62,135.00,110.04
6.63,135.00,110.08
6.63,135.00,109.68
6.64,135.00,109.32
6.64,135.00,109.42
6.65,135.00,109.51
6.65,135.00,109.66
6.66,135.00,109.43
6.66,135.00,109.23
6.67,135.00,109.27
6.67,135.00,109.50
6.68,135.00,109.52
6.68,135.00,109.59
6.69,135.00,109.49
6.70,135.00,109.48
6.70,135.00,109.11
6.71,135.00,108.88
6.71,135.00,108.63
6.72,135.00,108.63
6.72,135.00,108.48
6.73,135.00,108.35
6.73,135.00,108.10
6.74,135.00,107.99
6.74,135.00,108.19
6.75,135.00,107.68
6.75,135.00,108.17
6.76,135.00,108.08
6.76,135.00,108.63
6.77,135.00,108.28
6.77,135.00,108.49
6.78,135.00,108.58
6.78,135.00,108.79
6.79,135.00,108.76
6.79,135.00,109.07
6.80,135.00,109.03
6.80,135.00,109.55
6.81,135.00,109.42
6.81,135.00,109.78
6.82,135.00,109.74
6.83,135.00,110.00
6.83,135.00,110.14
6.84,135.00,110.51
6.84,135.00,110.04
6.85,135.00,109.96
6.85,135.00,110.42
6.86,135.00,110.94
6.86,135.00,111.14
6.87,135.00,111.12
6.87,135.00,111.17
6.88,135.00,111.36
6.88,135.00,111.82
6.89,135.00,112.04
6.89,135.00,112.23
6.90,135.00,112.16
6.90,135.00,112.73
6.91,135.00,112.55
6.92,135.00,112.68
6.92,135.00,112.71
6.93,135.00,113.18
6.93,135.00,113.24
6.94,135.00,113.46
6.94,135.00,113.54
6.95,135.00,114.12
6.96,135.00,114.29
6.96,135.00,114.92
6.97,135.00,114.58
6.97,135.00,115.38
6.98,135.00,115.10
6.98,135.00,115.65
6.99,135.00,115.55
6.99,135.00,116.57
7.00,135.00,116.19
7.00,135.00,116.96
7.01,135.00,117.46
7.01,135.00,117.44
7.02,135.00,117.68
7.02,135.00,118.04
7.03,135.00,118.43
7.03,135.00,118.86
7.04,135.00,119.03
7.04,135.00,119.34
7.05,135.00,119.92
7.05,135.00,120.14
7.06,135.00,120.26
7.06,135.00,120.55
7.07,135.00,120.97
7.07,135.00,121.21
7.08,135.00,121.31
7.08,135.00,121.93
7.09,135.00,122.16
7.09,135.00,122.64
7.10,135.00,123.25
7.10,135.00,123.26
7.11,135.00,123.84
7.12,135.00,124.53
7.12,135.00,124.55
7.13,135.00,125.07
7.13,135.00,125.85
7.14,135.00,126.60
7.14,135.00,127.21
7.15,135.00,127.76
7.15,135.00,128.40
7.16,135.00,128.41
7.16,135.00,128.56
7.17,135.00,129.56
7.17,135.00,129.62
7.18,135.00,129.67
7.18,135.00,129.89
7.19,135.00,130.26
7.19,135.00,129.98
7.20,135.00,130.64
7.21,135.00,130.90
7.21,135.00,130.65
7.22,135.00,131.53
7.22,135.00,131.92
7.23,135.00,130.97
7.23,135.00,131.99
7.24,135.00,132.45
7.24,135.00,132.81
7.25,135.00,132.91
7.25,135.00,133.41
7.26,135.00,134.12
7.26,135.00,134.63
7.27,135.00,134.87
7.28,135.00,135.46
7.28,135.00,135.73
7.28,135.00,135.73
7.29,135.00,136.24
7.30,135.00,136.13
7.30,135.00,136.18
7.31,135.00,136.56
7.31,135.00,136.86
7.32,135.00,137.27
7.32,135.00,137.40
7.33,135.00,137.93
7.33,135.00,138.00
7.34,135.00,138.19
7.34,135.00,138.28
7.35,135.00,138.30
7.35,135.00,138.54
7.36,135.00,138.67
7.36,135.00,139.21
7.37,135.00,139.29
7.37,135.00,139.47
7.38,135.00,139.76
7.38,135.00,140.54
7.39,135.00,140.56
7.39,135.00,140.68
7.40,135.00,140.61
7.40,135.00,140.93
7.41,135.00,141.24
7.41,135.00,142.00
7.42,135.00,141.83
7.42,135.00,142.14
7.43,135.00,143.41
7.43,135.00,142.88
7.44,135.00,143.04
7.44,135.00,143.27
7.45,135.00,143.20
7.45,135.00,143.53
7.46,135.00,143.10
7.47,135.00,142.84
7.47,135.00,143.10
7.48,135.00,143.16
7.48,135.00,143.10
7.49,135.00,143.60
7.49,135.00,144.13
7.50,135.00,143.87
7.50,135.00,144.24
7.51,135.00,143.96
7.51,135.00,144.03
7.52,135.00,144.23
7.52,135.00,144.50
7.53,135.00,144.43
7.53,135.00,144.70
7.54,135.00,144.37
7.55,135.00,144.15
7.55,135.00,144.53
7.56,135.00,144.67
7.56,135.00,144.82
7.57,135.00,144.66
7.57,135.00,144.63
7.58,135.00,144.44
7.58,135.00,144.60
7.59,135.00,144.59
7.59,135.00,144.90
7.60,135.00,145.33
7.60,135.00,145.76
7.61,135.00,145.84
7.61,135.00,145.70
7.62,135.00,145.45
7.62,135.00,145.57
7.63,135.00,145.67
7.63,135.00,145.59
7.64,135.00,145.55
7.64,135.00,145.49
7.65,135.00,145.45
7.65,135.00,145.66
7.66,135.00,145.43
7.66,135.00,145.40
7.67,135.00,145.72
7.67,135.00,145.46
7.68,135.00,145.75
7.68,135.00,145.62
7.69,135.00,145.46
7.69,135.00,145.26
7.70,135.00,145.25
7.70,135.00,144.97
7.71,135.00,145.26
7.72,135.00,145.28
7.72,135.00,145.13
7.73,135.00,145.20
7.73,135.00,145.05
7.74,135.00,145.44
7.74,135.00,145.20
7.75,135.00,145.51
7.75,135.00,145.42
7.76,135.00,144.70
7.76,135.00,144.54
7.77,135.00,144.35
7.78,135.00,144.39
7.78,135.00,144.21
7.78,135.00,144.20
7.79,135.00,144.00
7.80,135.00,143.90
7.80,135.00,143.76
7.81,135.00,144.11
7.81,135.00,143.82
7.82,135.00,143.31
7.82,135.00,143.51
7.83,135.00,143.23
7.83,135.00,143.19
7.84,135.00,142.63
7.84,135.00,142.58
7.85,135.00,142.53
7.85,135.00,142.25
7.86,135.00,142.39
7.86,135.00,142.18
7.87,135.00,142.41
7.87,135.00,141.91
7.88,135.00,141.61
7.88,135.00,141.54
7.89,135.00,141.73
7.89,135.00,141.09
7.90,135.00,140.93
7.90,135.00,140.83
7.91,135.00,140.76
7.91,135.00,140.65
7.92,135.00,140.61
7.92,135.00,140.48
7.93,135.00,140.35
7.93,135.00,140.31
7.94,135.00,139.96
7.94,135.00,139.84
7.95,135.00,139.94
7.95,135.00,139.78
7.96,135.00,139.50
7.96,135.00,139.94
7.97,135.00,139.62
7.98,135.00,139.77
7.98,135.00,139.48
7.99,135.00,139.38
7.99,135.00,139.25
8.00,135.00,138.84
8.00,135.00,138.70
8.01,135.00,138.26
8.01,135.00,137.78
8.02,135.00,138.06
8.02,135.00,137.80
8.03,135.00,137.60
8.03,135.00,137.68
8.04,135.00,137.44
8.04,135.00,137.86
8.05,135.00,137.56
8.05,135.00,137.60
8.06,135.00,137.75
8.06,135.00,137.07
8.07,135.00,137.11
8.07,135.00,137.12
8.08,135.00,136.74
8.08,135.00,136.93
8.09,135.00,136.71
8.09,135.00,136.63
8.10,135.00,136.71
8.10,135.00,136.74
8.11,135.00,137.08
8.12,135.00,137.05
8.12,135.00,136.74
8.13,135.00,136.71
8.13,135.00,136.60
8.14,135.00,136.58
8.14,135.00,136.47
8.15,135.00,136.53
8.15,135.00,136.27
8.16,135.00,136.19
8.16,135.00,136.01
8.17,135.00,136.14
8.17,135.00,136.22
8.18,135.00,136.01
8.18,135.00,136.24
8.19,135.00,136.54
8.19,135.00,136.25
8.20,135.00,136.64
8.20,135.00,136.58
8.21,135.00,136.54
8.21,135.00,136.62
8.22,135.00,135.87
8.22,135.00,136.37
8.23,135.00,136.02
8.23,135.00,136.05
8.24,135.00,136.04
8.25,135.00,135.94
8.25,135.00,136.03
8.26,135.00,135.34
8.26,135.00,135.06
8.27,135.00,135.07
8.27,135.00,135.08
8.28,135.00,134.97
8.28,135.00,135.39
8.29,135.00,135.26
8.29,135.00,135.22
8.30,135.00,135.14
8.30,135.00,135.49
8.31,135.00,135.28