-0.25,90,90
0.005,90,90
0.01,90.08,91.01
0.01,90.24,91.00
0.02,90.40,90.90
0.02,90.56,90.46
0.03,90.72,90.46
0.03,90.87,90.43
0.04,91.03,90.29
0.04,91.19,90.17
0.05,91.34,90.48
0.05,91.50,90.69
0.06,91.65,90.78
0.06,91.81,91.20
0.07,91.96,90.91
0.08,92.11,91.12
0.08,92.27,91.08
0.09,92.42,91.41
0.09,92.57,91.82
0.10,92.72,91.77
0.10,92.87,91.97
0.11,93.02,91.80
0.11,93.17,91.90
0.12,93.32,91.51
0.13,93.47,91.81
0.13,93.61,91.66
0.14,93.76,91.65
0.14,93.91,91.68
0.15,94.05,91.77
0.15,94.20,91.66
0.16,94.34,91.99
0.17,94.49,92.08
0.17,94.63,92.01
0.17,94.78,92.19
0.18,94.92,92.01
0.19,95.06,92.11
0.19,95.20,92.09
0.19,95.35,92.48
0.20,95.49,92.40
0.21,95.63,92.59
0.21,95.77,92.67
0.22,95.91,93.08
0.22,96.04,93.29
0.23,96.18,93.37
0.23,96.32,93.52
0.24,96.46,93.60
0.24,96.60,93.40
0.25,96.73,93.30
0.26,96.87,92.85
0.26,97.00,93.18
0.27,97.14,93.22
0.27,97.27,93.05
0.28,97.41,92.82
0.28,97.54,92.57
0.29,97.67,91.99
0.29,97.81,92.08
0.30,97.94,92.25
0.31,98.07,92.32
0.31,98.20,92.94
0.32,98.33,92.81
0.32,98.46,92.43
0.33,98.59,92.82
0.33,98.72,92.46
0.34,98.85,92.78
0.35,98.98,92.61
0.35,99.11,92.22
0.36,99.24,92.57
0.36,99.36,92.55
0.37,99.49,92.87
0.37,99.62,92.98
0.38,99.74,93.21
0.38,99.87,93.32
0.39,99.99,93.53
0.39,100.12,93.39
0.40,100.24,93.49
0.40,100.36,93.56
0.41,100.49,93.42
0.41,100.61,93.44
0.42,100.73,93.57
0.42,100.85,93.60
0.43,100.98,93.53
0.43,101.10,94.05
0.44,101.22,93.85
0.44,101.34,94.08
0.45,101.46,93.98
0.45,101.58,94.39
0.46,101.70,94.57
0.46,101.81,94.90
0.47,101.93,94.84
0.47,102.05,95.12
0.48,102.17,95.34
0.48,102.28,95.57
0.49,102.40,95.79
0.49,102.52,96.15
0.50,102.63,96.11
0.50,102.75,96.47
0.51,102.86,96.58
0.51,102.98,96.76
0.52,103.09,97.36
0.52,103.20,97.78
0.53,103.32,97.95
0.53,103.43,98.67
0.54,103.54,98.71
0.54,103.65,98.93
0.55,103.76,99.49
0.55,103.88,99.54
0.56,103.99,99.76
0.56,104.10,99.90
0.57,104.21,100.15
0.57,104.32,99.91
0.58,104.42,100.26
0.58,104.53,100.57
0.59,104.64,100.67
0.60,104.75,101.04
0.60,104.86,101.20
0.61,104.96,101.70
0.61,105.07,102.28
0.62,105.18,102.67
0.62,105.28,103.16
0.63,105.39,103.48
0.63,105.49,103.95
0.64,105.60,103.81
0.64,105.70,104.59
0.65,105.81,104.73
0.65,105.91,105.20
0.66,106.02,105.22
0.66,106.12,105.15
0.67,106.22,105.13
0.68,106.32,106.43
0.68,106.43,107.00
0.69,106.53,106.76
0.69,106.63,107.42
0.70,106.73,107.91
0.70,106.83,108.17
0.71,106.93,108.66
0.71,107.03,109.09
0.72,107.13,109.60
0.72,107.23,109.39
0.73,107.33,110.04
0.73,107.43,110.14
0.74,107.52,110.75
0.74,107.62,110.55
0.75,107.72,111.40
0.76,107.82,112.50
0.76,107.91,112.38
0.77,108.01,113.08
0.77,108.10,111.93
0.78,108.20,113.43
0.78,108.30,113.78
0.79,108.39,114.23
0.79,108.48,113.53
0.80,108.58,114.52
0.80,108.67,115.03
0.81,108.77,115.08
0.81,108.86,115.74
0.82,108.95,115.95
0.82,109.05,116.38
0.83,109.14,116.17
0.83,109.23,116.47
0.84,109.32,116.73
0.85,109.41,117.65
0.85,109.50,117.96
0.86,109.59,118.31
0.86,109.68,119.20
0.87,109.77,119.39
0.87,109.86,119.70
0.88,109.95,119.69
0.88,110.04,119.92
0.89,110.13,120.75
0.90,110.22,120.61
0.90,110.31,120.73
0.90,110.40,120.97
0.91,110.48,121.06
0.92,110.57,121.30
0.92,110.66,121.83
0.93,110.74,121.51
0.93,110.83,121.92
0.94,110.92,122.06
0.95,111.00,122.67
0.95,111.09,122.87
0.95,111.17,122.29
0.96,111.26,122.40
0.96,111.34,123.05
0.97,111.43,122.83
0.98,111.51,124.24
0.98,111.59,123.66
0.99,111.68,123.98
0.99,111.76,124.19
1.00,111.84,125.61
1.00,111.92,124.92
1.01,112.01,125.58
1.01,112.09,125.79
1.02,112.17,126.73
1.03,112.25,126.60
1.03,112.33,127.20
1.04,112.41,127.28
1.04,112.49,127.31
1.05,112.57,127.76
1.05,112.65,126.91
1.06,112.73,127.20
1.06,112.81,127.21
1.07,112.89,127.34
1.07,112.97,127.62
1.08,113.05,127.48
1.08,113.12,127.75
1.09,113.20,127.71
1.09,113.28,127.74
1.10,113.36,128.40
1.11,113.43,128.54
1.11,113.51,128.87
1.12,113.59,129.02
1.12,113.66,128.67
1.13,113.74,129.14
1.13,113.81,129.33
1.14,113.89,129.10
1.14,113.96,129.15
1.15,114.04,129.55
1.15,114.11,129.27
1.16,114.19,129.75
1.16,114.26,130.08
1.17,114.34,129.83
1.17,114.41,130.10
1.18,114.48,130.19
1.18,114.56,130.12
1.19,114.63,129.99
1.19,114.70,129.45
1.20,114.77,129.62
1.21,114.84,129.27
1.21,114.92,129.26
1.22,114.99,128.95
1.22,115.06,128.31
1.23,115.13,128.52
1.23,115.20,128.32
1.24,115.27,128.55
1.24,115.34,128.84
1.25,115.41,128.34
1.25,115.48,128.97
1.26,115.55,128.68
1.26,115.62,128.27
1.27,115.69,127.78
1.27,115.76,127.55
1.28,115.83,127.63
1.28,115.89,127.69
1.29,115.96,127.91
1.29,116.03,127.84
1.30,116.10,127.63
1.30,116.16,127.25
1.31,116.23,127.30
1.32,116.30,126.91
1.32,116.36,126.83
1.33,116.43,126.39
1.34,116.50,126.26
1.34,116.56,126.34
1.35,116.63,125.96
1.35,116.69,125.64
1.36,116.76,125.20
1.36,116.82,125.25
1.37,116.89,124.97
1.37,116.95,124.86
1.38,117.02,124.53
1.38,117.08,124.27
1.39,117.14,124.12
1.39,117.21,123.85
1.40,117.27,123.86
1.40,117.33,123.27
1.41,117.40,123.42
1.42,117.46,122.88
1.42,117.52,122.31
1.43,117.58,122.13
1.43,117.65,121.74
1.44,117.71,121.66
1.44,117.77,121.11
1.45,117.83,121.08
1.45,117.89,120.91
1.46,117.95,120.51
1.46,118.01,120.20
1.47,118.07,120.26
1.47,118.13,120.44
1.48,118.19,120.39
1.48,118.25,120.13
1.49,118.31,119.64
1.49,118.37,119.24
1.50,118.43,119.00
1.50,118.49,119.11
1.51,118.55,118.89
1.51,118.61,118.62
1.52,118.66,118.31
1.52,118.72,118.10
1.53,118.78,118.01
1.53,118.84,117.75
1.54,118.90,117.51
1.54,118.95,117.61
1.55,119.01,117.36
1.55,119.07,117.18
1.56,119.12,117.24
1.57,119.18,117.14
1.57,119.24,116.72
1.58,119.29,116.39
1.58,119.35,116.51
1.59,119.40,116.34
1.59,119.46,116.47
1.60,119.51,116.42
1.60,119.57,116.43
1.61,119.62,116.07
1.61,119.68,115.87
1.62,119.73,115.96
1.62,119.79,115.40
1.63,119.84,115.59
1.63,119.90,115.38
1.64,119.95,115.19
1.64,120.00,115.20
1.65,120.06,115.53
1.65,120.11,115.03
1.66,120.16,114.86
1.66,120.22,114.50
1.67,120.27,115.02
1.67,120.32,114.63
1.68,120.37,114.09
1.68,120.42,114.03
1.69,120.48,113.97
1.69,120.53,113.66
1.70,120.58,113.67
1.71,120.63,113.40
1.71,120.68,113.20
1.72,120.73,112.88
1.72,120.78,112.88
1.73,120.83,112.95
1.73,120.88,112.65
1.74,120.93,112.59
1.74,120.98,112.68
1.75,121.03,112.99
1.75,121.08,112.36
1.76,121.13,112.28
1.76,121.18,112.26
1.77,121.23,112.61
1.77,121.28,112.49
1.78,121.33,112.09
1.79,121.38,111.86
1.79,121.43,112.10
1.80,121.47,111.34
1.80,121.52,111.62
1.81,121.57,111.93
1.81,121.62,112.10
1.82,121.67,112.07
1.82,121.71,112.00
1.83,121.76,112.06
1.83,121.81,111.94
1.84,121.85,112.11
1.84,121.90,111.93
1.85,121.95,111.76
1.85,121.99,111.48
1.86,122.04,111.69
1.87,122.09,111.76
1.87,122.13,111.42
1.88,122.18,111.58
1.88,122.22,111.84
1.89,122.27,112.16
1.89,122.31,112.01
1.90,122.36,112.16
1.90,122.40,112.03
1.91,122.45,112.50
1.91,122.49,112.11
1.92,122.54,112.29
1.92,122.58,112.02
1.93,122.63,112.34
1.93,122.67,112.44
1.94,122.72,112.54
1.94,122.76,112.89
1.95,122.80,112.39
1.95,122.85,113.00
1.96,122.89,112.91
1.97,122.93,112.57
1.97,122.97,112.32
1.98,123.02,112.72
1.98,123.06,113.72
1.99,123.10,113.44
1.99,123.14,113.66
2.00,123.19,114.52
2.00,123.23,114.11
2.01,123.27,114.11
2.01,123.31,114.36
2.02,123.35,114.22
2.03,123.40,114.80
2.03,123.44,115.27
2.04,123.48,115.83
2.04,123.52,116.10
2.05,123.56,116.28
2.05,123.60,116.81
2.06,123.64,116.93
2.06,123.68,117.18
2.07,123.72,117.67
2.07,123.76,117.84
2.08,123.80,118.17
2.09,123.84,118.41
2.09,123.88,118.25
2.10,123.92,118.62
2.10,123.96,118.75
2.11,124.00,118.98
2.11,124.04,118.71
2.12,124.08,119.13
2.12,124.12,119.72
2.13,124.15,120.24
2.14,124.19,120.42
2.14,124.23,120.45
2.15,124.27,120.42
2.15,124.31,121.12
2.16,124.35,120.82
2.16,124.38,121.08
2.17,124.42,120.62
2.17,124.46,120.63
2.18,124.50,120.98
2.18,124.53,120.73
2.19,124.57,120.40
2.19,124.61,120.93
2.20,124.65,120.70
2.20,124.68,120.31
2.21,124.72,120.49
2.21,124.76,119.66
2.22,124.79,120.35
2.23,124.83,120.23
2.23,124.86,120.42
2.24,124.90,120.84
2.24,124.94,120.30
2.25,124.97,120.45
2.25,125.01,120.51
2.26,125.04,120.08
2.26,125.08,120.23
2.27,125.11,120.36
2.27,125.15,120.35
2.28,125.18,120.27
2.28,125.22,120.47
2.29,125.25,120.37
2.29,125.29,120.25
2.30,125.32,120.18
2.30,125.36,120.48
2.31,125.39,120.96
2.32,125.43,121.45
2.32,125.46,121.15
2.33,125.49,121.11
2.33,125.53,121.46
2.34,125.56,121.37
2.34,125.59,121.43
2.35,125.63,121.26
2.35,125.66,121.08
2.36,125.69,121.23
2.36,125.73,121.47
2.37,125.76,122.46
2.37,125.79,122.61
2.38,125.83,122.61
2.38,125.86,122.89
2.39,125.89,122.69
2.39,125.92,122.91
2.40,125.96,123.21
2.40,125.99,123.46
2.41,126.02,123.76
2.42,126.05,124.18
2.42,126.08,124.68
2.43,126.12,124.71
2.43,126.15,124.57
2.44,126.18,124.32
2.44,126.21,124.74
2.45,126.24,125.09
2.45,126.27,125.52
2.46,126.30,125.79
2.46,126.33,125.88
2.47,126.37,126.08
2.48,126.40,125.82
2.48,126.43,126.40
2.49,126.46,126.39
2.49,126.49,126.63
2.50,126.52,126.94
2.50,126.55,127.26
2.51,126.58,127.29
2.51,126.61,127.07
2.52,126.64,127.03
2.53,126.67,127.36
2.53,126.70,127.46
2.54,126.73,127.26
2.54,126.76,127.43
2.55,126.79,127.59
2.55,126.81,127.58
2.56,126.84,127.89
2.56,126.87,127.91
2.57,126.90,128.05
2.57,126.93,128.13
2.58,126.96,128.20
2.58,126.99,128.26
2.59,127.02,128.74
2.59,127.04,129.21
2.60,127.07,128.90
2.60,127.10,128.96
2.61,127.13,129.07
2.62,127.16,128.84
2.62,127.19,129.03
2.63,127.21,128.95
2.63,127.24,129.03
2.64,127.27,128.83
2.64,127.30,129.14
2.65,127.32,128.66
2.65,127.35,128.59
2.66,127.38,128.46
2.66,127.40,128.43
2.67,127.43,128.40
2.67,127.46,128.13
2.68,127.49,128.67
2.68,127.51,128.11
2.69,127.54,128.23
2.69,127.57,128.53
2.70,127.59,128.63
2.70,127.62,128.37
2.71,127.64,128.44
2.72,127.67,128.52
2.72,127.70,128.87
2.73,127.72,128.84
2.73,127.75,128.44
2.74,127.77,128.62
2.74,127.80,128.31
2.75,127.83,128.63
2.75,127.85,128.76
2.76,127.88,128.74
2.76,127.90,128.97
2.77,127.93,128.96
2.77,127.95,128.84
2.78,127.98,129.04
2.78,128.00,129.10
2.79,128.03,128.81
2.79,128.05,129.00
2.80,128.08,128.85
2.80,128.10,129.03
2.81,128.13,128.51
2.82,128.15,128.87
2.82,128.17,128.69
2.83,128.20,128.55
2.83,128.22,128.35
2.84,128.25,128.60
2.84,128.27,128.61
2.85,128.29,128.81
2.86,128.32,128.87
2.86,128.34,128.69
2.87,128.37,128.80
2.87,128.39,129.04
2.88,128.41,129.22
2.88,128.44,129.17
2.89,128.46,129.45
2.89,128.48,129.21
2.90,128.51,129.09
2.90,128.53,129.27
2.91,128.55,129.20
2.91,128.58,129.08
2.92,128.60,129.08
2.93,128.62,128.49
2.93,128.64,128.51
2.94,128.67,128.74
2.94,128.69,128.99
2.95,128.71,129.46
2.95,128.73,128.99
2.96,128.76,129.21
2.96,128.78,128.75
2.97,128.80,128.89
2.97,128.82,128.66
2.98,128.84,128.68
2.98,128.87,128.37
2.99,128.89,128.04
2.99,128.91,128.23
3.00,128.93,127.93
3.00,128.95,128.57
3.01,128.97,128.61
3.02,129.00,128.48
3.02,129.02,128.76
3.03,129.04,128.96
3.03,129.06,128.62
3.04,129.08,128.92
3.04,129.10,128.68
3.05,129.12,128.55
3.05,129.14,128.86
3.06,129.16,128.33
3.06,129.18,128.38
3.07,129.21,128.34
3.07,129.23,128.53
3.08,129.25,128.52
3.08,129.27,128.29
3.09,129.29,127.98
3.09,129.31,128.08
3.10,129.33,127.83
3.10,129.35,127.81
3.11,129.37,128.11
3.12,129.39,128.48
3.12,129.41,128.75
3.13,129.43,128.89
3.13,129.45,128.71
3.14,129.47,128.91
3.14,129.49,128.78
3.15,129.51,128.60
3.15,129.53,128.74
3.16,129.55,128.74
3.16,129.57,129.09
3.17,129.58,128.88
3.17,129.60,128.91
3.18,129.62,128.55
3.18,129.64,128.90
3.19,129.66,129.00
3.20,129.68,128.63
3.20,129.70,129.00
3.21,129.72,128.58
3.21,129.74,128.45
3.22,129.76,128.00
3.22,129.77,128.43
3.23,129.79,128.53
3.23,129.81,128.42
3.24,129.83,128.65
3.25,129.85,128.80
3.25,129.87,128.68
3.26,129.88,128.70
3.26,129.90,128.85
3.27,129.92,128.88
3.27,129.94,128.98
3.28,129.96,128.63
3.28,129.97,128.52
3.29,129.99,128.53
3.29,130.01,128.45
3.30,130.03,128.40
3.30,130.05,128.52
3.31,130.06,128.52
3.31,130.08,128.30
3.32,130.10,128.14
3.32,130.12,127.93
3.33,130.13,127.70
3.34,130.15,127.92
3.34,130.17,127.62
3.35,130.18,127.54
3.35,130.20,127.42
3.36,130.22,127.51
3.36,130.24,127.47
3.37,130.25,127.24
3.37,130.27,127.30
3.38,130.29,127.42
3.38,130.30,127.80
3.39,130.32,127.44
3.39,130.34,127.82
3.40,130.35,127.76
3.40,130.37,127.50
3.41,130.39,127.29
3.41,130.40,127.43
3.42,130.42,127.59
3.42,130.44,127.88
3.43,130.45,127.80
3.44,130.47,127.74
3.44,130.48,127.54
3.45,130.50,127.91
3.45,130.52,127.75
3.46,130.53,127.55
3.46,130.55,127.72
3.47,130.56,127.81
3.47,130.58,127.71
3.48,130.59,127.74
3.48,130.61,127.84
3.49,130.63,127.79
3.49,130.64,128.07
3.50,130.66,128.43
3.50,130.67,128.36
3.51,130.69,128.25
3.51,130.70,128.24
3.52,130.72,128.23
3.53,130.73,128.45
3.53,130.75,128.24
3.54,130.76,128.28
3.54,130.78,128.49
3.55,130.79,128.33
3.55,130.81,128.38
3.56,130.82,128.37
3.56,130.84,128.32
3.57,130.85,128.54
3.57,130.87,128.11
3.58,130.88,128.21
3.59,130.90,127.87
3.59,130.91,128.07
3.60,130.93,127.91
3.60,130.94,128.01
3.61,130.96,128.03
3.61,130.97,128.57
3.62,130.98,128.31
3.62,131.00,127.91
3.63,131.01,127.32
3.64,131.03,127.66
3.64,131.04,127.52
3.65,131.06,127.58
3.65,131.07,127.37
3.66,131.08,127.64
3.66,131.10,127.37
3.67,131.11,127.73
3.67,131.12,127.33
3.68,131.14,127.63
3.68,131.15,127.37
3.69,131.17,127.40
3.69,131.18,127.66
3.70,131.19,127.92
3.70,131.21,127.80
3.71,131.22,127.99
3.71,131.23,127.85
3.72,131.25,128.09
3.72,131.26,128.01
3.73,131.27,128.20
3.74,131.29,128.25
3.74,131.30,127.93
3.75,131.31,127.89
3.75,131.33,127.96
3.76,131.34,128.00
3.76,131.35,127.94
3.77,131.37,127.74
3.77,131.38,127.83
3.78,131.39,128.01
3.78,131.40,128.03
3.79,131.42,128.25
3.79,131.43,128.26
3.80,131.44,128.45
3.80,131.45,128.31
3.81,131.47,128.57
3.81,131.48,128.62
3.82,131.49,128.50
3.82,131.50,128.96
3.83,131.52,129.37
3.83,131.53,129.49
3.84,131.54,129.29
3.85,131.55,129.37
3.85,131.57,129.33
3.86,131.58,128.96
3.86,131.59,129.51
3.87,131.60,129.24
3.87,131.61,129.25
3.88,131.63,128.93
3.88,131.64,129.38
3.89,131.65,129.38
3.89,131.66,129.24
3.90,131.67,128.90
3.90,131.69,129.16
3.91,131.70,128.99
3.91,131.71,129.43
3.92,131.72,128.74
3.93,131.73,129.32
3.93,131.74,129.32
3.94,131.76,129.47
3.94,131.77,129.53
3.95,131.78,129.82
3.95,131.79,129.90
3.96,131.80,130.12
3.97,131.81,130.04
3.97,131.82,130.03
3.98,131.84,129.82
3.98,131.85,130.22
3.98,131.86,130.25
3.99,131.87,130.63
4.00,131.88,130.51
4.00,131.89,130.13
4.01,131.90,130.43
4.01,131.91,130.27
4.02,131.92,130.27
4.02,131.94,130.51
4.03,131.95,130.62
4.03,131.96,130.70
4.04,131.97,130.30
4.04,131.98,130.52
4.05,131.99,130.85
4.05,132.00,131.16
4.06,132.01,131.14
4.07,132.02,131.03
4.07,132.03,130.95
4.08,132.04,131.34
4.08,132.05,131.14
4.09,132.06,131.25
4.09,132.07,130.98
4.10,132.08,131.10
4.10,132.10,131.12
4.11,132.11,130.59
4.11,132.12,130.88
4.12,132.13,130.65
4.12,132.14,131.11
4.13,132.15,130.95
4.13,132.16,130.58
4.14,132.17,130.51
4.14,132.18,130.58
4.15,132.19,130.61
4.15,132.20,130.52
4.16,132.21,130.46
4.16,132.22,130.52
4.17,132.23,130.64
4.18,132.24,130.96
4.18,132.25,130.85
4.19,132.26,130.97
4.19,132.27,130.65
4.20,132.28,130.89
4.20,132.29,130.90
4.21,132.29,131.25
4.21,132.30,130.71
4.22,132.31,130.70
4.22,132.32,130.52
4.23,132.33,130.58
4.23,132.34,130.38
4.24,132.35,130.97
4.24,132.36,130.74
4.25,132.37,130.71
4.25,132.38,130.56
4.26,132.39,130.64
4.26,132.40,131.12
4.27,132.41,131.30
4.28,132.42,131.45
4.28,132.43,131.33
4.29,132.44,131.60
4.29,132.44,131.54
4.30,132.45,131.70
4.30,132.46,131.79
4.31,132.47,131.75
4.32,132.48,131.70
4.32,132.49,131.72
4.32,132.50,131.99
4.33,132.51,131.91
4.34,132.52,132.53
4.34,132.52,132.40
4.35,132.53,132.17
4.35,132.54,132.19
4.36,132.55,132.33
4.36,132.56,132.20
4.37,132.57,132.25
4.37,132.58,132.27
4.38,132.59,132.55
4.38,132.59,132.31
4.39,132.60,132.37
4.40,132.61,132.56
4.40,132.62,132.65
4.41,132.63,132.73
4.41,132.64,132.72
4.42,132.65,133.45
4.42,132.65,133.13
4.43,132.66,133.33
4.43,132.67,133.30
4.44,132.68,133.35
4.44,132.69,133.54
4.45,132.69,133.64
4.45,132.70,133.00
4.46,132.71,132.89
4.46,132.72,133.38
4.47,132.73,133.23
4.47,132.74,133.04
4.48,132.74,133.04
4.49,132.75,133.05
4.49,132.76,133.24
4.50,132.77,133.07
4.50,132.78,133.16
4.51,132.78,133.20
4.51,132.79,133.37
4.52,132.80,133.39
4.52,132.81,133.54
4.53,132.81,133.30
4.53,132.82,133.08
4.54,132.83,132.72
4.54,132.84,132.59
4.55,132.85,132.93
4.55,132.85,133.06
4.56,132.86,133.02
4.56,132.87,133.28
4.57,132.88,133.02
4.57,132.88,132.72
4.58,132.89,132.82
4.59,132.90,132.88
4.59,132.91,132.83
4.60,132.91,132.74
4.60,132.92,132.56
4.61,132.93,132.44
4.61,132.94,132.19
4.62,132.94,132.19
4.62,132.95,132.11
4.63,132.96,132.06
4.63,132.96,132.10
4.64,132.97,131.96
4.65,132.98,131.74
4.65,132.99,131.74
4.66,132.99,131.93
4.66,133.00,132.00
4.67,133.01,131.80
4.67,133.01,131.79
4.68,133.02,132.02
4.68,133.03,131.73
4.69,133.04,132.08
4.70,133.04,132.29
4.70,133.05,132.47
4.71,133.06,132.35
4.71,133.06,132.24
4.72,133.07,132.36
4.72,133.08,132.20
4.73,133.08,132.07
4.73,133.09,132.19
4.74,133.10,132.32
4.74,133.10,132.55
4.75,133.11,132.68
4.75,133.12,132.00
4.76,133.12,132.27
4.76,133.13,132.30
4.77,133.14,132.41
4.77,133.14,132.55
4.78,133.15,132.58
4.78,133.16,132.58
4.79,133.16,132.45
4.79,133.17,132.50
4.80,133.18,132.52
4.80,133.18,132.53
4.81,133.19,132.75
4.82,133.20,133.13
4.82,133.20,132.71
4.83,133.21,133.00
4.83,133.22,133.15
4.84,133.22,133.03
4.84,133.23,132.95
4.85,133.23,133.08
4.85,133.24,133.24
4.86,133.25,133.41
4.86,133.25,133.58
4.87,133.26,133.46
4.87,133.27,133.23
4.88,133.27,132.90
4.88,133.28,133.17
4.89,133.28,133.10
4.89,133.29,132.73
4.90,133.30,132.65
4.91,133.30,132.49
4.91,133.31,132.50
4.92,133.31,132.66
4.92,133.32,132.67
4.93,133.33,132.64
4.93,133.33,132.77
4.94,133.34,132.89
4.94,133.34,132.75
4.95,133.35,132.96
4.95,133.36,133.44
4.96,133.36,133.15
4.96,133.37,133.27
4.97,133.37,133.23
4.97,133.38,132.76
4.98,133.38,133.19
4.98,133.39,133.23
4.99,133.40,133.36
5.00,133.40,133.24
5.00,133.41,133.31
5.01,133.41,133.32
5.01,133.42,132.98
5.02,133.42,132.80
5.02,133.43,133.05
5.03,133.44,133.04
5.03,133.44,132.99
5.04,133.45,133.18
5.05,133.45,133.55
5.05,133.46,133.50
5.05,133.46,133.49
5.06,133.47,133.02
5.07,133.47,133.11
5.07,133.48,133.00
5.08,133.49,133.34
5.08,133.49,133.19
5.09,133.50,133.41
5.09,133.50,133.23
5.10,133.51,133.34
5.10,133.51,133.04
5.11,133.52,132.85
5.11,133.52,133.10
5.12,133.53,133.27
5.12,133.53,133.08
5.13,133.54,133.09
5.13,133.54,133.19
5.14,133.55,133.06
5.14,133.55,133.06
5.15,133.56,132.74
5.16,133.56,132.72
5.16,133.57,132.95
5.17,133.57,132.72
5.17,133.58,132.44
5.18,133.58,133.02
5.18,133.59,132.79
5.19,133.59,132.81
5.19,133.60,132.70
5.20,133.60,132.40
5.20,133.61,132.56
5.21,133.61,132.64
5.21,133.62,132.92
5.22,133.62,133.29
5.22,133.63,133.05
5.23,133.63,133.24
5.23,133.64,133.36
5.24,133.64,133.26
5.24,133.65,133.19
5.25,133.65,133.18
5.25,133.66,132.90
5.26,133.66,132.80
5.26,133.67,133.26
5.27,133.67,132.97
5.27,133.68,132.96
5.28,133.68,132.96
5.29,133.69,132.85
5.29,133.69,132.91
5.30,133.70,132.73
5.30,133.70,133.27
5.31,133.70,133.29
5.31,133.71,133.45
5.32,133.71,133.34
5.32,133.72,133.52
5.33,133.72,133.67
5.34,133.73,133.57
5.34,133.73,133.67
5.34,133.74,133.78
5.35,133.74,133.66
5.36,133.75,133.60
5.36,133.75,134.04
