-0.25,90,90
0.005,90,90
0.01,90.41,90.96
0.01,91.23,90.95
0.02,92.03,91.21
0.02,92.82,90.47
0.03,93.60,90.25
0.03,94.36,90.90
0.04,95.10,90.64
0.04,95.83,90.19
0.05,96.55,90.35
0.05,97.26,90.51
0.06,97.95,90.32
0.06,98.63,90.84
0.07,99.30,90.30
0.07,99.95,90.32
0.08,100.60,90.09
0.08,101.23,90.22
0.09,101.85,89.77
0.09,102.46,90.11
0.10,103.05,89.55
0.10,103.64,89.38
0.11,104.22,89.41
0.11,104.78,89.35
0.12,105.34,89.62
0.12,105.88,89.62
0.13,106.41,89.50
0.13,106.94,89.53
0.14,107.45,89.69
0.14,107.96,89.82
0.15,108.46,89.55
0.15,108.94,89.70
0.16,109.42,89.75
0.17,109.89,89.32
0.17,110.35,89.24
0.18,110.80,89.53
0.18,111.25,89.45
0.19,111.68,89.38
0.19,112.11,89.31
0.20,112.53,89.40
0.20,112.94,89.45
0.21,113.35,89.43
0.21,113.75,89.46
0.22,114.14,89.64
0.22,114.52,89.27
0.23,114.90,90.00
0.23,115.26,90.23
0.24,115.63,89.11
0.24,115.98,89.31
0.25,116.33,90.11
0.25,116.67,90.12
0.26,117.01,89.81
0.26,117.34,90.31
0.27,117.66,89.78
0.27,117.98,90.20
0.28,118.29,90.40
0.28,118.60,90.63
0.29,118.90,90.58
0.29,119.20,90.52
0.30,119.49,90.35
0.30,119.77,90.66
0.31,120.05,90.78
0.32,120.33,90.92
0.32,120.60,90.68
0.33,120.86,90.60
0.33,121.12,90.99
0.34,121.37,90.58
0.34,121.62,90.53
0.35,121.87,90.35
0.35,122.11,90.69
0.36,122.35,90.35
0.36,122.58,90.09
0.37,122.81,89.80
0.37,123.03,90.47
0.38,123.25,89.50
0.38,123.47,89.63
0.39,123.68,89.93
0.39,123.89,90.25
0.40,124.09,90.62
0.40,124.29,90.55
0.41,124.49,90.30
0.41,124.68,90.81
0.42,124.87,89.83
0.43,125.05,90.39
0.43,125.24,89.80
0.44,125.42,89.95
0.44,125.59,90.54
0.45,125.76,90.28
0.45,125.93,89.98
0.45,126.10,89.37
0.46,126.26,89.57
0.47,126.42,89.81
0.47,126.58,89.43
0.48,126.74,89.53
0.48,126.89,89.58
0.49,127.04,90.06
0.49,127.18,89.58
0.50,127.33,89.84
0.50,127.47,89.57
0.51,127.61,89.91
0.51,127.74,89.71
0.52,127.87,90.29
0.52,128.01,90.00
0.53,128.13,89.91
0.54,128.26,90.41
0.54,128.38,89.76
0.55,128.50,90.19
0.55,128.62,90.41
0.56,128.74,89.89
0.56,128.86,90.29
0.57,128.97,90.38
0.57,129.08,90.82
0.58,129.19,89.81
0.58,129.29,90.51
0.59,129.40,90.16
0.59,129.50,90.05
0.60,129.60,89.69
0.60,129.70,89.21
0.61,129.80,88.99
0.61,129.89,89.63
0.62,129.99,89.23
0.62,130.08,90.17
0.63,130.17,89.89
0.63,130.26,89.97
0.64,130.35,90.69
0.64,130.43,89.81
0.65,130.52,90.52
0.65,130.60,90.77
0.66,130.68,91.22
0.66,130.76,91.65
0.67,130.84,91.21
0.67,130.91,92.09
0.68,130.99,92.26
0.68,131.06,91.85
0.69,131.13,91.44
0.69,131.20,91.80
0.70,131.27,92.62
0.70,131.34,92.92
0.71,131.41,92.91
0.71,131.48,93.03
0.72,131.54,92.88
0.73,131.60,93.41
0.73,131.67,93.40
0.74,131.73,93.69
0.74,131.79,93.33
0.75,131.85,93.59
0.75,131.90,93.26
0.76,131.96,94.15
0.76,132.02,93.89
0.77,132.07,94.20
0.77,132.13,94.70
0.78,132.18,95.26
0.78,132.23,95.71
0.79,132.28,96.51
0.79,132.33,96.33
0.80,132.38,96.68
0.81,132.43,96.87
0.81,132.47,97.65
0.81,132.52,96.62
0.82,132.57,96.99
0.83,132.61,97.13
0.83,132.66,96.69
0.83,132.70,98.18
0.84,132.74,97.17
0.85,132.78,98.04
0.85,132.82,98.50
0.86,132.86,98.14
0.86,132.90,98.81
0.87,132.94,98.26
0.87,132.98,98.99
0.88,133.02,98.47
0.88,133.05,98.35
0.89,133.09,98.93
0.89,133.12,99.40
0.90,133.16,100.01
0.90,133.19,100.10
0.91,133.22,100.34
0.91,133.26,100.41
0.92,133.29,101.04
0.93,133.32,101.15
0.93,133.35,101.57
0.94,133.38,102.16
0.94,133.41,102.76
0.95,133.44,103.63
0.95,133.47,103.45
0.96,133.50,103.50
0.96,133.52,103.43
0.97,133.55,104.38
0.97,133.58,104.39
0.98,133.60,104.72
0.98,133.63,105.54
0.99,133.65,105.25
0.99,133.68,105.55
1.00,133.70,106.78
1.01,133.73,107.13
1.01,133.75,107.28
1.02,133.77,108.57
1.02,133.80,109.27
1.03,133.82,109.26
1.03,133.84,109.84
1.04,133.86,109.10
1.04,133.88,110.45
1.05,133.90,110.55
1.05,133.92,109.95
1.06,133.94,110.87
1.06,133.96,110.54
1.07,133.98,111.37
1.07,134.00,111.11
1.08,134.02,111.82
1.08,134.04,112.51
1.09,134.05,112.69
1.09,134.07,112.51
1.10,134.09,112.37
1.10,134.11,112.72
1.11,134.12,113.02
1.11,134.14,112.89
1.12,134.15,113.75
1.12,134.17,113.59
1.13,134.18,113.86
1.14,134.20,114.53
1.14,134.21,114.85
1.15,134.23,115.04
1.15,134.24,115.36
1.16,134.26,116.49
1.16,134.27,117.11
1.17,134.28,116.99
1.17,134.30,117.13
1.18,134.31,117.85
1.18,134.32,117.35
1.19,134.33,118.22
1.20,134.35,118.14
1.20,134.36,118.40
1.21,134.37,118.41
1.21,134.38,118.71
1.22,134.39,119.02
1.22,134.40,119.30
1.23,134.42,119.20
1.23,134.43,119.93
1.24,134.44,120.22
1.24,134.45,121.07
1.25,134.46,120.96
1.25,134.47,121.95
1.26,134.48,122.64
1.26,134.49,123.87
1.27,134.50,124.28
1.28,134.51,124.56
1.28,134.51,124.59
1.29,134.52,125.00
1.29,134.53,125.40
1.30,134.54,126.17
1.30,134.55,126.77
1.31,134.56,126.90
1.31,134.57,127.54
1.32,134.57,128.72
1.32,134.58,128.56
1.33,134.59,128.88
1.33,134.60,129.46
1.34,134.60,129.92
1.34,134.61,129.53
1.35,134.62,129.69
1.35,134.63,130.44
1.36,134.63,130.28
1.37,134.64,130.60
1.37,134.65,130.91
1.38,134.65,131.95
1.38,134.66,131.57
1.39,134.66,132.20
1.39,134.67,132.00
1.40,134.68,133.04
1.40,134.68,133.69
1.41,134.69,133.42
1.41,134.69,134.21
1.42,134.70,133.45
1.42,134.71,133.71
1.43,134.71,134.02
1.43,134.72,134.03
1.44,134.72,135.00
1.45,134.73,134.97
1.45,134.73,135.88
1.46,134.74,136.46
1.46,134.74,136.08
1.47,134.75,136.18
1.47,134.75,136.20
1.48,134.76,136.71
1.48,134.76,137.64
1.49,134.76,137.12
1.49,134.77,137.59
1.50,134.77,137.97
1.50,134.78,137.89
1.51,134.78,138.82
1.51,134.79,138.72
1.52,134.79,139.12
1.53,134.79,139.56
1.53,134.80,139.55
1.54,134.80,139.48
1.54,134.80,140.19
1.55,134.81,140.76
1.55,134.81,140.91
1.56,134.81,141.38
1.56,134.82,141.59
1.57,134.82,141.52
1.58,134.82,141.65
1.58,134.83,141.80
1.59,134.83,141.76
1.59,134.83,142.29
1.60,134.84,142.66
1.60,134.84,142.26
1.61,134.84,142.36
1.61,134.85,142.75
1.62,134.85,142.78
1.62,134.85,143.42
1.63,134.85,143.73
1.63,134.86,143.79
1.64,134.86,144.25
1.64,134.86,143.66
1.65,134.86,143.39
1.65,134.87,143.42
1.66,134.87,143.38
1.67,134.87,143.34
1.67,134.87,143.67
1.68,134.88,143.30
1.68,134.88,143.31
1.69,134.88,143.02
1.69,134.88,143.78
1.70,134.89,143.53
1.70,134.89,143.74
1.71,134.89,142.75
1.71,134.89,142.77
1.72,134.89,142.99
1.72,134.90,143.03
1.73,134.90,143.35
1.73,134.90,142.87
1.74,134.90,143.29
1.74,134.90,142.89
1.75,134.91,143.28
1.75,134.91,143.11
1.76,134.91,143.17
1.77,134.91,143.12
1.77,134.91,143.60
1.78,134.91,143.45
1.78,134.92,143.36
1.79,134.92,143.59
1.79,134.92,143.75
1.80,134.92,144.15
1.80,134.92,143.91
1.81,134.92,143.72
1.81,134.92,143.76
1.82,134.93,143.49
1.82,134.93,144.02
1.83,134.93,143.81
1.83,134.93,143.66
1.84,134.93,143.55
1.85,134.93,143.93
1.85,134.93,144.19
1.86,134.93,144.19
1.86,134.94,144.14
1.87,134.94,144.63
1.87,134.94,144.18
1.88,134.94,144.79
1.88,134.94,144.68
1.89,134.94,144.63
1.89,134.94,144.77
1.90,134.94,144.77
1.90,134.94,144.45
1.91,134.95,145.57
1.91,134.95,145.28
1.92,134.95,145.60
1.92,134.95,145.29
1.93,134.95,145.03
1.93,134.95,145.34
1.94,134.95,145.05
1.95,134.95,145.61
1.95,134.95,144.86
1.96,134.95,145.00
1.97,134.95,144.68
1.97,134.96,144.28
1.98,134.96,144.00
1.98,134.96,144.15
1.98,134.96,143.69
1.99,134.96,143.87
2.00,134.96,143.64
2.00,134.96,143.33
2.01,134.96,143.59
2.01,134.96,144.00
2.02,134.96,143.99
2.02,134.96,144.13
2.03,134.96,144.10
2.03,134.96,143.95
2.04,134.97,144.03
2.04,134.97,143.85
2.05,134.97,143.82
2.05,134.97,143.59
2.06,134.97,143.55
2.06,134.97,143.54
2.07,134.97,143.32
2.07,134.97,143.34
2.08,134.97,143.64
2.09,134.97,143.28
2.09,134.97,143.42
2.10,134.97,143.23
2.10,134.97,143.48
2.11,134.97,143.40
2.11,134.97,143.09
2.12,134.97,143.16
2.12,134.97,142.59
2.13,134.97,142.98
2.13,134.98,142.90
2.14,134.98,143.05
2.14,134.98,142.59
2.15,134.98,142.09
2.15,134.98,142.68
2.16,134.98,142.42
2.16,134.98,142.55
2.17,134.98,142.69
2.17,134.98,143.04
2.18,134.98,143.19
2.18,134.98,143.14
2.19,134.98,143.57
2.19,134.98,143.32
2.20,134.98,143.00
2.20,134.98,142.97
2.21,134.98,142.93
2.22,134.98,142.43
2.22,134.98,142.59
2.23,134.98,142.67
2.23,134.98,142.71
2.24,134.98,142.83
2.24,134.98,142.52
2.25,134.98,142.73
2.26,134.98,142.49
2.26,134.98,142.51
2.27,134.98,142.64
2.27,134.98,142.82
2.28,134.99,142.66
2.28,134.99,142.51
2.29,134.99,142.54
2.29,134.99,142.83
2.30,134.99,142.72
2.30,134.99,142.49
2.31,134.99,142.46
2.31,134.99,142.23
2.32,134.99,142.72
2.32,134.99,142.84
2.33,134.99,142.96
2.33,134.99,142.95
2.34,134.99,142.78
2.34,134.99,142.84
2.35,134.99,142.94
2.35,134.99,143.14
2.36,134.99,142.49
2.36,134.99,142.68
2.37,134.99,142.29
2.37,134.99,142.38
2.38,134.99,141.95
2.38,134.99,141.85
2.39,134.99,141.63
2.39,134.99,141.52
2.40,134.99,141.67
2.41,134.99,141.85
2.41,134.99,141.39
2.42,134.99,141.46
2.42,134.99,141.40
2.43,134.99,141.16
2.43,134.99,141.08
2.44,134.99,141.02
2.44,134.99,140.84
2.45,134.99,140.31
2.45,134.99,140.17
2.46,134.99,140.21
2.46,134.99,140.34
2.47,134.99,140.38
2.47,134.99,139.84
2.48,134.99,139.62
2.48,134.99,139.67
2.49,134.99,139.61
2.49,134.99,139.75
2.50,134.99,139.28
2.50,134.99,139.29
2.51,134.99,138.93
2.52,134.99,139.21
2.52,134.99,139.12
2.53,134.99,139.04
2.53,134.99,139.01
2.54,134.99,139.21
2.54,134.99,139.03
2.55,134.99,139.33
2.56,134.99,139.11
2.56,134.99,139.56
2.57,134.99,139.71
2.57,134.99,139.61
2.58,134.99,139.42
2.58,135.00,139.96
2.59,135.00,139.94
2.59,135.00,140.11
2.60,135.00,140.04
2.60,135.00,139.64
2.61,135.00,139.70
2.61,135.00,139.68
2.62,135.00,139.33
2.62,135.00,139.85
2.63,135.00,139.23
2.63,135.00,139.35
2.64,135.00,139.18
2.64,135.00,139.16
2.65,135.00,139.64
2.66,135.00,139.73
2.66,135.00,139.65
2.67,135.00,139.60
2.67,135.00,139.38
2.68,135.00,139.82
2.68,135.00,139.66
2.69,135.00,139.42
2.69,135.00,139.58
2.70,135.00,139.23
2.70,135.00,139.56
2.71,135.00,139.71
2.71,135.00,139.94
2.72,135.00,139.73
2.72,135.00,139.58
2.73,135.00,139.39
2.73,135.00,139.53
2.74,135.00,139.35
2.74,135.00,139.40
2.75,135.00,139.37
2.75,135.00,139.10
2.76,135.00,139.51
2.76,135.00,139.68
2.77,135.00,139.60
2.77,135.00,139.76
2.78,135.00,139.85
2.78,135.00,139.55
2.79,135.00,139.36
2.79,135.00,139.65
2.80,135.00,139.32
2.80,135.00,139.96
2.81,135.00,139.77
2.82,135.00,139.96
2.82,135.00,139.56
2.83,135.00,139.90
2.83,135.00,139.94
2.84,135.00,139.41
2.84,135.00,139.22
2.85,135.00,139.18
2.86,135.00,139.44
2.86,135.00,139.33
2.87,135.00,139.68
2.87,135.00,139.63
2.88,135.00,139.37
2.88,135.00,139.24
2.89,135.00,139.54
2.89,135.00,139.74
2.90,135.00,139.53
2.90,135.00,139.47
2.91,135.00,139.59
2.91,135.00,139.64
2.92,135.00,139.25
2.92,135.00,139.32
2.93,135.00,139.24
2.93,135.00,139.46
2.94,135.00,139.40
2.94,135.00,139.06
2.95,135.00,138.86
2.95,135.00,138.92
2.96,135.00,138.93
2.96,135.00,138.56
2.97,135.00,138.07
2.97,135.00,137.66
2.98,135.00,137.56
2.98,135.00,137.68
2.99,135.00,137.57
2.99,135.00,137.61
3.00,135.00,137.46
3.00,135.00,137.77
3.01,135.00,137.15
3.01,135.00,137.60
3.02,135.00,137.69
3.03,135.00,137.83
3.03,135.00,138.19
3.04,135.00,138.06
3.04,135.00,138.55
3.05,135.00,138.79
3.05,135.00,138.88
3.06,135.00,138.83
3.06,135.00,138.85
3.07,135.00,138.29
3.07,135.00,138.29
3.08,135.00,138.50
3.08,135.00,138.71
3.09,135.00,138.82
3.09,135.00,138.79
3.10,135.00,138.91
3.10,135.00,139.04
3.11,135.00,138.91
3.12,135.00,138.73
3.12,135.00,139.08
3.13,135.00,138.99
3.13,135.00,139.08
3.14,135.00,138.83
3.14,135.00,138.72
3.15,135.00,138.97
3.15,135.00,139.23
3.16,135.00,139.13
3.16,135.00,138.98
3.17,135.00,138.92
3.17,135.00,139.12
3.18,135.00,139.37
3.18,135.00,139.28
3.19,135.00,139.11
3.19,135.00,138.73
3.20,135.00,138.80
3.20,135.00,138.88
3.21,135.00,138.46
3.21,135.00,138.53
3.22,135.00,138.59
3.22,135.00,138.31
3.23,135.00,138.05
3.23,135.00,137.69
3.24,135.00,137.36
3.24,135.00,137.08
3.25,135.00,137.17
3.25,135.00,136.98
3.26,135.00,136.98
3.26,135.00,136.90
3.27,135.00,137.08
3.27,135.00,137.33
3.28,135.00,136.94
3.28,135.00,137.09
3.29,135.00,136.16
3.30,135.00,136.49
3.30,135.00,136.48
3.31,135.00,136.11
3.31,135.00,135.85
3.32,135.00,136.12
3.32,135.00,135.59
3.33,135.00,135.32
3.33,135.00,135.21
3.34,135.00,134.62
3.34,135.00,134.05
3.35,135.00,134.21
3.35,135.00,133.77
3.36,135.00,133.55
3.37,135.00,133.66
3.37,135.00,133.99
3.38,135.00,134.00
3.38,135.00,133.89
3.39,135.00,133.90
3.39,135.00,133.68
3.40,135.00,134.28
3.40,135.00,134.29
3.41,135.00,134.34
3.41,135.00,134.56
3.42,135.00,134.74
3.42,135.00,134.30
3.43,135.00,134.65
3.43,135.00,134.59
3.44,135.00,134.98
3.44,135.00,135.30
3.45,135.00,134.88
3.45,135.00,134.93
3.46,135.00,134.86
3.47,135.00,134.96
3.47,135.00,134.69
3.48,135.00,134.30
3.48,135.00,134.23
3.49,135.00,134.11
3.49,135.00,134.53
3.50,135.00,134.02
3.50,135.00,133.42
3.51,135.00,133.38
3.51,135.00,133.51
3.52,135.00,133.53
3.52,135.00,133.42
3.53,135.00,133.65
3.53,135.00,133.86
3.54,135.00,133.73
3.54,135.00,134.28
3.55,135.00,134.72
3.55,135.00,134.84
3.56,135.00,134.88
3.56,135.00,135.05
3.57,135.00,134.84
3.57,135.00,134.76
3.58,135.00,134.60
3.58,135.00,134.88
3.59,135.00,134.96
3.59,135.00,135.12
3.60,135.00,135.20
3.60,135.00,135.48
3.61,135.00,135.03
3.61,135.00,135.18
3.62,135.00,134.54
3.63,135.00,135.15
3.63,135.00,135.00
3.64,135.00,135.06
3.64,135.00,135.01
3.65,135.00,135.03
3.65,135.00,134.97
3.66,135.00,135.29
3.67,135.00,135.03
3.67,135.00,134.61
3.68,135.00,134.43
3.68,135.00,134.96
3.69,135.00,134.70
3.69,135.00,134.28
3.70,135.00,134.76
3.70,135.00,135.05
3.71,135.00,135.46
3.71,135.00,135.30
3.72,135.00,135.24
3.72,135.00,135.56
3.73,135.00,134.96
3.73,135.00,135.04
3.74,135.00,135.08
3.74,135.00,135.09
3.75,135.00,135.10
3.75,135.00,135.46
3.76,135.00,134.85
3.76,135.00,135.15
3.77,135.00,135.09
3.77,135.00,135.31
3.78,135.00,135.16
3.78,135.00,135.28
3.79,135.00,135.13
3.79,135.00,134.94
3.80,135.00,134.67
3.81,135.00,134.39
3.81,135.00,134.34
3.82,135.00,134.14
3.82,135.00,134.62
3.83,135.00,134.35
3.83,135.00,134.42
3.84,135.00,134.44
3.84,135.00,134.10
3.85,135.00,133.86
3.85,135.00,134.02
3.86,135.00,134.02
3.86,135.00,133.89
3.87,135.00,134.06
3.87,135.00,134.42
3.88,135.00,134.42
3.88,135.00,134.37
3.89,135.00,134.85
3.89,135.00,134.98
3.90,135.00,134.70
3.90,135.00,134.19
3.91,135.00,134.04
3.91,135.00,134.16
3.92,135.00,134.41
3.93,135.00,133.99
3.93,135.00,134.09
3.94,135.00,134.39
3.94,135.00,133.89
3.95,135.00,133.57
3.95,135.00,133.43
3.96,135.00,133.18
3.97,135.00,132.52
3.97,135.00,132.86
3.98,135.00,133.06
3.98,135.00,132.90
3.98,135.00,132.50
3.99,135.00,132.44
4.00,135.00,132.51
4.00,135.00,132.30
4.01,135.00,132.44
4.01,135.00,132.21
4.02,135.00,132.43
4.02,135.00,132.64
4.03,135.00,132.51
4.03,135.00,132.12
4.04,135.00,132.28
4.04,135.00,132.15
4.05,135.00,131.77
4.05,135.00,131.41
4.06,135.00,131.59
4.06,135.00,131.85
4.07,135.00,131.66
4.07,135.00,131.88
4.08,135.00,131.62
4.08,135.00,131.41
4.09,135.00,131.21
4.09,135.00,131.26
4.10,135.00,131.68
4.10,135.00,131.58
4.11,135.00,131.64
4.11,135.00,131.39
4.12,135.00,131.45
4.12,135.00,131.39
4.13,135.00,131.41
4.14,135.00,131.25
4.14,135.00,131.22
4.15,135.00,131.44
4.15,135.00,130.81
4.16,135.00,131.05
4.16,135.00,131.10
4.17,135.00,131.70
4.17,135.00,131.14
4.18,135.00,131.02
4.18,135.00,131.29
4.19,135.00,131.26
4.19,135.00,130.82
4.20,135.00,130.78
4.20,135.00,130.97
4.21,135.00,130.70
4.21,135.00,131.11
4.22,135.00,130.60
4.23,135.00,130.54
4.23,135.00,130.80
4.24,135.00,130.95
4.24,135.00,130.22
4.25,135.00,130.66
4.25,135.00,130.93
4.26,135.00,131.39
4.26,135.00,131.18
4.27,135.00,130.74
4.27,135.00,130.64
4.28,135.00,130.28
4.28,135.00,130.45
4.29,135.00,130.92
4.29,135.00,130.75
4.30,135.00,130.84
4.31,135.00,130.66
4.31,135.00,130.92
4.32,135.00,131.22
4.32,135.00,131.28
4.33,135.00,131.21
4.33,135.00,131.14
4.34,135.00,131.71
4.34,135.00,131.93
4.35,135.00,131.90
4.35,135.00,131.97
4.36,135.00,132.60
4.36,135.00,132.47
4.37,135.00,132.54
4.37,135.00,132.34
4.38,135.00,132.62
4.38,135.00,132.27
4.39,135.00,132.16
4.39,135.00,132.54
4.40,135.00,132.91
4.40,135.00,132.86
4.41,135.00,132.49
4.41,135.00,132.97
4.42,135.00,132.53
4.42,135.00,132.93
4.43,135.00,133.07
4.43,135.00,132.80
4.44,135.00,132.99
4.44,135.00,133.42
4.45,135.00,133.08
4.45,135.00,133.40
4.46,135.00,133.44
4.47,135.00,133.28
4.47,135.00,133.60
4.48,135.00,133.67
4.48,135.00,133.82
4.49,135.00,133.62
4.49,135.00,133.69
4.50,135.00,133.23
4.50,135.00,133.51
4.51,135.00,133.18
4.51,135.00,133.26
4.52,135.00,133.45
4.53,135.00,133.32
4.53,135.00,133.18
4.53,135.00,133.49
4.54,135.00,133.52
4.55,135.00,133.12
4.55,135.00,133.33
4.55,135.00,133.01
4.56,135.00,133.07
4.57,135.00,133.12
4.57,135.00,132.85
4.58,135.00,133.45
4.58,135.00,133.69
4.59,135.00,133.94
4.59,135.00,133.35
4.60,135.00,133.35
4.60,135.00,133.65
4.61,135.00,133.28
4.62,135.00,133.96
4.62,135.00,134.15
4.63,135.00,134.00
4.63,135.00,133.77
4.64,135.00,133.87
4.64,135.00,133.46
4.65,135.00,133.81
4.65,135.00,133.34
4.66,135.00,133.63
4.66,135.00,133.82
4.67,135.00,133.91
4.67,135.00,133.85
4.68,135.00,134.13
4.68,135.00,134.31
4.69,135.00,134.12
4.69,135.00,133.95
4.70,135.00,134.40
4.70,135.00,134.83
4.71,135.00,134.28
4.71,135.00,134.81
4.72,135.00,134.67
4.72,135.00,134.43
4.73,135.00,134.55
4.73,135.00,134.31
4.74,135.00,134.37
4.74,135.00,134.24
4.75,135.00,134.43
4.75,135.00,134.31
4.76,135.00,134.64
4.76,135.00,134.60
4.77,135.00,134.41
4.78,135.00,134.73
4.78,135.00,133.38
4.79,135.00,133.19
4.79,135.00,134.17
4.80,135.00,134.07
4.80,135.00,132.89
4.81,135.00,133.51
4.82,135.00,132.87
4.82,135.00,132.43
4.82,135.00,132.61
4.83,135.00,132.99
4.84,135.00,132.71
4.84,135.00,132.62
4.84,135.00,132.99
4.85,135.00,132.86
4.86,135.00,133.44
4.86,135.00,133.15
4.87,135.00,132.83
4.87,135.00,133.05
4.88,135.00,132.68
4.88,135.00,132.71
4.89,135.00,132.85
4.89,135.00,133.00
4.90,135.00,133.27
4.90,135.00,133.28
4.91,135.00,133.37
4.92,135.00,133.22
4.92,135.00,132.94
4.93,135.00,133.27
4.93,135.00,132.78
4.94,135.00,133.28
4.94,135.00,133.54
4.95,135.00,133.48
4.95,135.00,133.47
4.96,135.00,133.41
4.96,135.00,133.31
4.97,135.00,133.17
4.97,135.00,132.93
4.98,135.00,133.14
4.98,135.00,133.46
4.99,135.00,133.97
4.99,135.00,134.20
5.00,135.00,134.00
5.00,135.00,134.15
5.01,135.00,134.99
5.01,135.00,135.10
5.02,135.00,135.49
5.02,135.00,134.68
5.03,135.00,134.17
5.03,135.00,134.31
5.04,135.00,134.49
5.05,135.00,134.46
5.05,135.00,134.56
5.06,135.00,134.32
5.06,135.00,134.24
5.07,135.00,134.33
5.07,135.00,134.31
5.08,135.00,134.36
5.08,135.00,134.03
5.09,135.00,133.63
5.09,135.00,133.57
5.10,135.00,133.65
5.10,135.00,133.71
5.11,135.00,133.79
5.11,135.00,133.54
5.12,135.00,133.17
5.13,135.00,133.64
5.13,135.00,133.42
5.14,135.00,133.79
5.14,135.00,133.94
5.15,135.00,133.52
5.15,135.00,133.67
5.16,135.00,133.25
5.16,135.00,133.45
5.17,135.00,133.29
5.17,135.00,133.19
5.18,135.00,133.60
5.18,135.00,133.37
5.19,135.00,133.04
5.19,135.00,132.87
5.20,135.00,132.74
5.20,135.00,132.46
5.21,135.00,132.46
5.21,135.00,132.26
5.22,135.00,132.06
5.22,135.00,132.19
5.23,135.00,132.89
5.23,135.00,132.94
5.24,135.00,132.90
5.24,135.00,133.10
5.25,135.00,133.22
5.25,135.00,132.95
5.26,135.00,133.02
5.26,135.00,133.27
5.27,135.00,132.96
5.27,135.00,133.19
5.28,135.00,133.00
5.28,135.00,132.91
5.29,135.00,133.02
5.30,135.00,133.03
5.30,135.00,132.87
5.31,135.00,132.42
5.31,135.00,132.48
5.32,135.00,132.63
5.32,135.00,133.02
5.33,135.00,132.69
5.33,135.00,132.94
5.34,135.00,132.75
5.34,135.00,132.43
5.35,135.00,132.77
5.35,135.00,132.49
5.36,135.00,133.18
5.36,135.00,133.01
5.37,135.00,133.28
5.38,135.00,133.45
5.38,135.00,132.74
5.39,135.00,132.98
5.39,135.00,133.17
5.40,135.00,133.50
5.40,135.00,133.58
5.41,135.00,133.85
5.41,135.00,133.68
5.42,135.00,134.00
5.42,135.00,133.65
5.43,135.00,133.65
5.43,135.00,133.93
5.44,135.00,134.01
5.44,135.00,133.99
5.45,135.00,133.96
5.46,135.00,134.07
5.46,135.00,134.12
5.47,135.00,134.07
5.47,135.00,134.13
5.48,135.00,134.08
5.48,135.00,134.18
5.49,135.00,134.41
5.49,135.00,134.47
5.50,135.00,134.54
5.50,135.00,134.80
5.51,135.00,134.84
5.51,135.00,134.85
