-0.25,90,90
0.005,90,90
5.00,133.42,132.09
5.01,133.43,132.13
5.01,133.44,132.29
5.02,133.44,132.20
5.03,133.45,132.11
5.03,133.45,132.10
5.04,133.46,132.10
5.04,133.46,132.36
5.05,133.47,132.26
5.05,133.47,132.43
5.06,133.48,132.19
5.06,133.49,132.32
5.07,133.49,132.70
5.07,133.50,132.91
5.08,133.50,132.72
5.08,133.51,132.86
5.09,133.51,132.95
5.09,133.52,133.19
5.10,133.52,133.07
5.10,133.53,133.08
5.11,133.53,133.31
5.11,133.54,133.17
5.12,133.54,133.44
5.12,133.55,133.22
5.13,133.55,133.08
5.13,133.56,133.15
5.14,133.56,133.43
5.14,133.57,133.48
5.15,133.57,133.60
5.15,133.58,133.66
5.16,133.58,133.28
5.17,133.59,133.21
5.17,133.59,133.29
5.18,133.60,133.45
5.18,133.60,133.90
5.19,133.61,133.76
5.19,133.61,133.77
5.20,133.62,133.84
5.21,133.62,133.64
5.21,133.63,133.60
5.22,133.63,133.32
5.22,133.64,133.14
5.23,133.64,133.02
5.23,133.65,133.15
5.24,133.65,132.94
5.24,133.66,133.05
5.25,133.66,132.72
5.25,133.67,133.05
5.26,133.67,132.92
5.26,133.68,132.96
5.27,133.68,133.08
5.27,133.69,133.30
5.28,133.69,133.03
5.28,133.70,132.77
5.29,133.70,132.78
5.29,133.70,133.32
5.30,133.71,133.12
5.30,133.71,133.23
5.31,133.72,133.20
5.31,133.72,132.84
5.32,133.73,132.96
5.32,133.73,132.69
5.33,133.74,132.55
5.33,133.74,132.55
5.34,133.75,132.51
5.34,133.75,132.13
5.35,133.75,132.34
5.36,133.76,132.37
5.36,133.76,132.59
5.37,133.77,132.18
5.37,133.77,132.21
5.38,133.78,132.29
5.38,133.78,131.97
5.39,133.78,132.24
5.39,133.79,132.31
5.40,133.79,132.49
5.40,133.80,132.13
5.41,133.80,132.37
5.41,133.81,132.46
5.42,133.81,132.63
5.42,133.81,132.97
5.43,133.82,133.24
5.43,133.82,133.24
5.44,133.83,133.63
5.44,133.83,133.59
5.45,133.84,133.60
5.46,133.84,133.50
5.46,133.84,133.70
5.47,133.85,133.67
5.47,133.85,133.09
5.48,133.86,133.23
5.48,133.86,133.64
5.49,133.86,133.52
5.49,133.87,133.29
5.50,133.87,133.60
5.51,133.88,133.44
5.51,133.88,133.71
5.51,133.88,133.96
5.52,133.89,133.96
5.53,133.89,134.11
5.53,133.90,134.12
5.53,133.90,134.19
5.54,133.90,134.06
5.55,133.91,134.43
5.55,133.91,134.40
5.56,133.92,134.42
5.56,133.92,134.16
5.57,133.92,133.82
5.57,133.93,134.44
5.58,133.93,134.42
5.59,133.93,134.69
5.59,133.94,133.99
5.60,133.94,134.36
5.60,133.95,134.28
5.61,133.95,134.40
5.61,133.95,133.91
5.62,133.96,134.30
5.62,133.96,134.07
5.63,133.96,133.64
5.63,133.97,133.66
5.64,133.97,133.74
5.64,133.98,133.56
5.65,133.98,133.16
5.65,133.98,133.61
5.66,133.99,133.47
5.66,133.99,133.66
5.67,133.99,133.63
5.67,134.00,133.26
5.68,134.00,133.46
5.68,134.00,133.64
5.69,134.01,133.75
5.69,134.01,133.64
5.70,134.01,133.67
5.70,134.02,133.50
5.71,134.02,133.50
5.71,134.03,133.27
5.72,134.03,133.02
5.72,134.03,133.12
5.73,134.04,133.17
5.73,134.04,133.14
5.74,134.04,132.93
5.75,134.05,133.13
5.75,134.05,132.35
5.76,134.05,132.71
5.76,134.06,132.66
5.77,134.06,133.12
5.77,134.06,132.81
5.78,134.07,132.91
5.78,134.07,132.91
5.79,134.07,132.89
5.79,134.08,133.39
5.80,134.08,133.11
5.80,134.08,132.81
5.81,134.09,133.01
5.82,134.09,133.09
5.82,134.09,132.74
5.82,134.10,132.89
5.83,134.10,133.34
5.84,134.10,133.29
5.84,134.10,133.23
5.85,134.11,133.33
5.85,134.11,133.60
5.86,134.11,133.38
5.86,134.12,133.38
5.87,134.12,133.22
5.88,134.12,133.55
5.88,134.13,133.15
5.89,134.13,133.11
5.89,134.13,132.90
5.90,134.14,132.75
5.90,134.14,132.80
5.91,134.14,132.94
5.91,134.15,133.06
5.92,134.15,132.84
5.92,134.15,133.14
5.93,134.15,133.00
5.93,134.16,132.88
5.94,134.16,133.00
5.94,134.16,133.23
5.95,134.17,133.51
5.95,134.17,133.61
5.96,134.17,133.68
5.96,134.17,133.71
5.97,134.18,134.01
5.97,134.18,133.86
5.98,134.18,133.82
5.98,134.19,133.92
5.99,134.19,133.87
5.99,134.19,133.87
6.00,134.20,134.00
6.00,134.20,134.18
6.01,134.20,134.27
6.02,134.20,134.57
6.02,134.21,134.68
6.03,134.21,134.81
6.03,134.21,134.87
6.04,134.21,135.10
6.04,134.22,134.90
6.05,134.22,134.80
6.05,134.22,134.85
6.06,134.23,134.89
6.06,134.23,134.91
6.07,134.23,134.50
6.07,134.23,134.79
6.08,134.24,134.89
6.08,134.24,135.32
6.09,134.24,135.12
6.09,134.25,135.08
6.10,134.25,135.67
6.11,134.25,135.81
6.11,134.25,135.71
6.11,134.26,135.40
6.12,134.26,135.88
6.13,134.26,135.86
6.13,134.26,136.31
6.14,134.27,136.02
6.15,134.27,135.87
6.15,134.27,135.56
6.16,134.27,135.75
6.16,134.28,136.10
6.17,134.28,135.93
6.17,134.28,135.40
6.18,134.28,135.41
6.18,134.29,135.45
6.19,134.29,135.16
6.19,134.29,135.40
6.20,134.29,135.47
6.20,134.30,135.35
6.21,134.30,135.47
6.21,134.30,135.57
6.22,134.30,135.74
6.22,134.31,135.73
6.23,134.31,135.55
6.23,134.31,135.63
6.24,134.31,135.47
6.24,134.32,135.29
6.25,134.32,135.52
6.25,134.32,135.47
6.26,134.32,135.59
6.26,134.33,135.75
6.27,134.33,135.70
6.27,134.33,135.95
6.28,134.33,135.99
6.28,134.34,135.71
6.29,134.34,135.58
6.29,134.34,135.74
6.30,134.34,135.62
6.30,134.34,135.41
6.31,134.35,135.16
6.31,134.35,135.27
6.32,134.35,135.70
6.33,134.35,135.22
6.33,134.36,134.94
6.34,134.36,134.56
6.34,134.36,134.82
6.35,134.36,134.93
6.35,134.37,135.23
6.36,134.37,134.98
6.36,134.37,134.91
6.37,134.37,134.81
6.37,134.37,134.98
6.38,134.38,134.76
6.38,134.38,135.04
6.39,134.38,134.95
6.40,134.38,134.83
6.40,134.39,134.89
6.41,134.39,134.74
6.41,134.39,134.54
6.42,134.39,134.20
6.42,134.39,134.12
6.43,134.40,134.11
6.43,134.40,133.89
6.44,134.40,134.00
6.45,134.40,133.99
6.45,134.40,134.07
6.46,134.41,134.47
6.46,134.41,134.13
6.47,134.41,134.01
6.47,134.41,134.04
6.48,134.42,133.96
6.48,134.42,133.89
6.49,134.42,133.91
6.49,134.42,134.12
6.50,134.42,133.74
6.50,134.43,134.01
6.51,134.43,134.16
6.51,134.43,134.38
6.52,134.43,134.27
6.52,134.43,133.98
6.53,134.44,134.18
6.54,134.44,135.20
6.54,134.44,135.08
6.55,134.44,135.27
6.55,134.44,135.53
6.56,134.45,135.07
6.56,134.45,135.34
6.57,134.45,135.45
6.57,134.45,135.32
6.58,134.45,135.57
6.58,134.46,135.86
6.59,134.46,135.69
6.59,134.46,135.91
6.60,134.46,135.97
6.60,134.46,135.59
6.61,134.46,135.66
6.61,134.47,135.40
6.62,134.47,135.67
6.62,134.47,135.84
6.63,134.47,135.88
6.63,134.47,136.15
6.64,134.48,136.05
6.64,134.48,136.11
6.65,134.48,135.50
6.66,134.48,135.25
6.66,134.48,135.43
6.67,134.49,135.62
6.67,134.49,135.50
6.68,134.49,135.66
6.68,134.49,135.74
6.69,134.49,135.77
6.69,134.49,135.77
6.70,134.50,136.01
6.70,134.50,135.73
6.71,134.50,135.62
6.71,134.50,135.30
6.72,134.50,135.33
6.72,134.50,135.54
6.73,134.51,135.20
6.74,134.51,134.86
6.74,134.51,134.62
6.75,134.51,134.56
6.75,134.51,134.71
6.76,134.52,134.51
6.76,134.52,134.43
6.77,134.52,134.50
6.77,134.52,134.75
6.78,134.52,134.59
6.78,134.52,134.72
6.79,134.53,134.68
6.80,134.53,134.71
6.80,134.53,134.63
6.80,134.53,134.93
6.81,134.53,134.69
6.82,134.53,135.24
6.82,134.54,135.26
6.83,134.54,135.37
6.83,134.54,135.37
6.84,134.54,135.14
6.84,134.54,135.15
6.85,134.54,135.85
6.86,134.55,136.24
6.86,134.55,135.98
6.87,134.55,135.90
6.87,134.55,136.09
6.88,134.55,136.18
6.88,134.55,136.23
6.89,134.55,136.01
6.89,134.56,136.02
6.90,134.56,135.86
6.90,134.56,136.10
6.91,134.56,136.19
6.91,134.56,136.13
6.92,134.56,136.33
6.92,134.57,136.38
6.93,134.57,136.35
6.93,134.57,136.55
6.94,134.57,136.71
6.94,134.57,136.76
6.95,134.57,136.53
6.95,134.57,136.30
6.96,134.58,136.59
6.97,134.58,136.82
6.97,134.58,136.69
6.98,134.58,136.66
6.98,134.58,136.89
6.99,134.58,136.64
6.99,134.59,136.79
7.00,134.59,136.58
7.00,134.59,136.61
7.01,134.59,136.52
7.01,134.59,136.87
7.02,134.59,136.56
7.02,134.59,136.48
7.03,134.60,136.29
7.03,134.60,136.17
7.04,134.60,136.46
7.04,134.60,136.17
7.05,134.60,135.98
7.05,134.60,135.64
7.06,134.60,135.58
7.06,134.61,136.13
7.07,134.61,136.09
7.07,134.61,135.50
7.08,134.61,135.59
7.09,134.61,135.43
7.09,134.61,135.62
7.10,134.61,135.49
7.10,134.61,135.27
7.11,134.62,135.38
7.11,134.62,135.18
7.12,134.62,135.19
7.13,134.62,135.14
7.13,134.62,134.99
7.14,134.62,135.23
7.14,134.62,134.92
7.15,134.63,134.77
7.15,134.63,135.22
7.16,134.63,135.02
7.16,134.63,135.07
7.17,134.63,135.07
7.17,134.63,134.76
7.18,134.63,134.84
7.18,134.63,134.98
7.19,134.64,134.68
7.19,134.64,134.92
7.20,134.64,135.15
7.20,134.64,135.16
7.21,134.64,135.10
7.22,134.64,135.07
7.22,134.64,134.91
7.23,134.65,134.97
7.23,134.65,134.97
7.24,134.65,134.83
7.24,134.65,134.79
7.25,134.65,135.04
7.25,134.65,135.05
7.26,134.65,135.10
7.26,134.65,135.11
7.27,134.65,134.84
7.27,134.66,134.79
7.28,134.66,134.94
7.28,134.66,135.01
7.29,134.66,135.29
7.29,134.66,135.21
7.30,134.66,135.25
7.31,134.66,135.05
7.31,134.66,134.83
7.32,134.67,134.99
7.32,134.67,134.94
7.33,134.67,134.99
7.33,134.67,134.80
7.34,134.67,134.82
7.34,134.67,135.00
7.35,134.67,134.81
7.35,134.67,134.76
7.36,134.68,135.01
7.36,134.68,134.91
7.37,134.68,135.30
7.37,134.68,135.47
7.38,134.68,135.35
7.38,134.68,135.19
7.39,134.68,135.51
7.39,134.68,135.46
7.40,134.68,135.06
7.40,134.69,135.47
7.41,134.69,135.38
7.41,134.69,135.35
7.42,134.69,135.65
7.43,134.69,135.96
7.43,134.69,136.19
7.44,134.69,136.21
7.44,134.69,136.56
7.45,134.69,136.46
7.45,134.70,136.55
7.46,134.70,137.11
7.47,134.70,136.83
7.47,134.70,137.15
7.48,134.70,137.66
7.48,134.70,137.81
7.49,134.70,137.81
7.49,134.70,137.92
7.50,134.70,138.35
7.50,134.70,138.61
7.51,134.71,138.63
7.51,134.71,139.02
7.52,134.71,139.38
7.52,134.71,139.65
7.53,134.71,139.91
7.53,134.71,140.27
7.54,134.71,140.85
7.54,134.71,140.87
7.55,134.71,141.19
7.55,134.71,141.65
7.56,134.72,142.12
7.56,134.72,142.22
7.57,134.72,142.45
7.57,134.72,142.56
7.58,134.72,142.60
7.58,134.72,143.03
7.59,134.72,143.67
7.60,134.72,144.19
7.60,134.72,144.63
7.61,134.72,144.76
7.61,134.73,145.08
7.62,134.73,145.43
7.62,134.73,145.53
7.63,134.73,145.74
7.63,134.73,145.73
7.64,134.73,146.07
7.64,134.73,146.42
7.65,134.73,146.77
7.65,134.73,147.08
7.66,134.73,147.14
7.66,134.74,147.21
7.67,134.74,147.86
7.67,134.74,147.75
7.68,134.74,147.86
7.69,134.74,148.23
7.69,134.74,148.31
7.70,134.74,148.37
7.70,134.74,148.53
7.71,134.74,149.07
7.71,134.74,149.24
7.72,134.74,149.49
7.72,134.75,149.62
7.73,134.75,149.48
7.73,134.75,149.51
7.74,134.75,149.68
7.74,134.75,149.78
7.75,134.75,149.96
7.75,134.75,150.18
7.76,134.75,150.16
7.76,134.75,150.36
7.77,134.75,150.54
7.78,134.75,150.51
7.78,134.75,150.81
7.78,134.76,150.77
7.79,134.76,150.75
7.80,134.76,150.77
7.80,134.76,150.54
7.81,134.76,150.43
7.82,134.76,150.64
7.82,134.76,150.61
7.82,134.76,150.44
7.83,134.76,150.65
7.84,134.76,150.78
7.84,134.76,150.70
7.85,134.77,150.57
7.85,134.77,150.53
7.86,134.77,150.44
7.86,134.77,150.36
7.87,134.77,150.34
7.87,134.77,150.29
7.88,134.77,150.40
7.88,134.77,150.51
7.89,134.77,150.62
7.89,134.77,150.62
7.90,134.77,150.53
7.90,134.77,150.46
7.91,134.77,150.17
7.91,134.78,149.76
7.92,134.78,149.51
7.93,134.78,149.38
7.93,134.78,149.66
7.94,134.78,149.40
7.94,134.78,149.31
7.95,134.78,149.27
7.95,134.78,149.06
7.96,134.78,148.66
7.96,134.78,148.29
7.97,134.78,148.28
7.97,134.78,147.99
7.98,134.78,147.75
7.98,134.79,147.66
7.99,134.79,147.62
7.99,134.79,147.64
8.00,134.79,146.92
8.00,134.79,146.63
8.01,134.79,146.63
8.01,134.79,146.64
8.02,134.79,146.22
8.02,134.79,146.03
8.03,134.79,146.04
8.03,134.79,145.49
8.04,134.79,145.68
8.04,134.79,145.57
8.05,134.80,145.15
8.05,134.80,145.11
8.06,134.80,145.01
8.06,134.80,144.86
8.07,134.80,144.59
8.07,134.80,144.35
8.08,134.80,144.19
8.09,134.80,143.89
8.09,134.80,143.81
8.10,134.80,143.72
8.10,134.80,143.60
8.11,134.80,143.42
8.11,134.80,143.44
8.12,134.80,143.07
8.12,134.80,142.87
8.13,134.81,142.52
8.14,134.81,142.06
8.14,134.81,142.17
8.15,134.81,141.93
8.15,134.81,141.69
8.16,134.81,141.51
8.16,134.81,141.48
8.17,134.81,141.19
8.17,134.81,140.73
8.18,134.81,140.43
8.18,134.81,140.51
8.19,134.81,140.13
8.19,134.81,139.79
8.20,134.81,139.30
8.20,134.82,139.28
8.21,134.82,139.16
8.21,134.82,139.19
8.22,134.82,138.50
8.22,134.82,138.41
8.23,134.82,137.89
8.23,134.82,137.38
8.24,134.82,137.25
8.24,134.82,136.48
8.25,134.82,136.19
8.25,134.82,135.57
8.26,134.82,135.36
8.26,134.82,135.22
8.27,134.82,134.99
8.27,134.82,134.71
8.28,134.82,133.95
8.28,134.83,133.53
8.29,134.83,133.36
8.29,134.83,133.05
8.30,134.83,132.34
8.31,134.83,132.12
8.31,134.83,131.07
8.32,134.83,131.03
8.32,134.83,130.76
8.33,134.83,130.14
8.33,134.83,129.97
8.34,134.83,129.87
8.34,134.83,129.30
8.35,134.83,128.94
8.35,134.83,128.68
8.36,134.83,128.35
8.36,134.83,127.80
8.37,134.83,127.84
8.38,134.84,127.17
8.38,134.84,126.94
8.39,134.84,126.51
8.39,134.84,126.58
8.40,134.84,126.28
8.40,134.84,125.74
8.41,134.84,125.32
8.41,134.84,125.26
8.42,134.84,124.41
8.42,134.84,124.35
8.43,134.84,124.18
8.43,134.84,124.01
8.44,134.84,123.66
8.45,134.84,123.50
8.45,134.84,123.35
8.46,134.84,123.80
8.46,134.84,123.46
8.47,134.84,123.11
8.47,134.85,122.65
8.48,134.85,122.10
8.48,134.85,121.90
8.49,134.85,121.90
8.49,134.85,120.69
8.50,134.85,120.79
8.50,134.85,120.78
8.51,134.85,120.57
8.51,134.85,120.36
8.52,134.85,120.57
8.52,134.85,120.40
8.53,134.85,120.04
8.53,134.85,120.10
8.54,134.85,119.64
8.54,134.85,119.41
8.55,134.85,119.43
8.55,134.85,119.17
8.56,134.85,119.02
8.57,134.85,119.07
8.57,134.86,118.77
8.58,134.86,119.00
8.58,134.86,118.68
8.59,134.86,118.52
8.59,134.86,117.95
8.60,134.86,117.64
8.60,134.86,117.83
8.61,134.86,117.89
8.61,134.86,117.48
8.62,134.86,117.70
8.62,134.86,117.55
8.63,134.86,117.47
8.63,134.86,117.24
8.64,134.86,117.07
8.64,134.86,116.91
8.65,134.86,116.94
8.65,134.86,116.95
8.66,134.86,116.52
8.67,134.86,116.24
8.67,134.86,116.00
8.68,134.86,116.18
8.68,134.87,116.77
8.69,134.87,116.35
8.69,134.87,117.47
8.70,134.87,116.87
8.71,134.87,116.40
8.71,134.87,116.29
8.72,134.87,116.29
8.72,134.87,116.36
8.73,134.87,115.98
8.73,134.87,116.20
8.73,134.87,115.83
8.74,134.87,116.47
8.75,134.87,115.91
8.76,134.87,116.21
8.76,134.87,116.16
8.77,134.87,116.21
8.77,134.87,115.81
8.77,134.87,115.90
8.78,134.87,116.37
8.79,134.87,116.48
8.79,134.87,116.41
8.80,134.87,116.43
8.80,134.88,116.23
8.81,134.88,116.65
8.81,134.88,116.67
8.82,134.88,116.81
8.82,134.88,116.63
8.83,134.88,117.06
8.83,134.88,116.90
8.84,134.88,117.30
8.84,134.88,117.46
8.85,134.88,117.65
8.86,134.88,117.15
8.86,134.88,117.41
8.87,134.88,117.47
8.87,134.88,118.05
8.88,134.88,117.92
8.88,134.88,118.27
8.89,134.88,118.18
8.89,134.88,118.46
8.90,134.88,117.96
8.90,134.88,118.11
8.91,134.88,118.58
8.91,134.88,119.07
8.92,134.88,119.04
8.92,134.88,118.87
8.93,134.89,119.24
8.93,134.89,119.10
8.94,134.89,119.63
8.94,134.89,119.22
8.95,134.89,120.08
8.95,134.89,120.06
8.96,134.89,120.15
8.96,134.89,120.39
8.97,134.89,119.96
8.98,134.89,121.24
8.98,134.89,121.07
8.99,134.89,121.12
8.99,134.89,121.11
9.00,134.89,121.46
9.00,134.89,122.06
9.01,134.89,121.81
9.01,134.89,122.23
9.02,134.89,122.53
9.02,134.89,122.98
9.03,134.89,123.22
9.03,134.89,123.48
9.04,134.89,123.22
9.05,134.89,123.43
9.05,134.89,123.89
9.06,134.89,124.24
9.06,134.89,124.48
9.06,134.90,124.92
9.07,134.90,125.28
9.07,134.90,124.83
9.08,134.90,125.18
9.09,134.90,125.43
9.09,134.90,125.82
9.10,134.90,125.86
9.10,134.90,126.29
9.11,134.90,126.65
9.11,134.90,126.96
9.12,134.90,126.87
9.13,134.90,127.47
9.13,134.90,127.70
9.14,134.90,127.98
9.14,134.90,128.23
9.15,134.90,128.63
9.15,134.90,128.62
9.16,134.90,128.78
9.16,134.90,128.91
9.17,134.90,128.92
9.17,134.90,129.61
9.18,134.90,129.26
9.18,134.90,128.98
9.19,134.90,129.49
9.19,134.90,129.49
9.20,134.90,129.63
9.20,134.90,129.50
9.21,134.90,129.59
9.21,134.90,130.27
9.22,134.91,130.03
9.22,134.91,130.13
9.23,134.91,130.15
9.23,134.91,130.29
9.24,134.91,130.30
9.24,134.91,131.26
9.25,134.91,130.67
9.26,134.91,130.78
9.26,134.91,131.01
9.27,134.91,131.47
9.27,134.91,131.39
9.27,134.91,131.69
9.28,134.91,132.31
9.28,134.91,132.54
9.29,134.91,132.11
9.30,134.91,132.16
9.30,134.91,132.35
9.31,134.91,132.51
9.31,134.91,132.59
9.32,134.91,132.60
9.32,134.91,132.84
9.33,134.91,133.01
9.33,134.91,133.17
9.34,134.91,133.48
9.34,134.91,133.62
9.35,134.91,133.66
9.35,134.91,134.01
9.36,134.91,134.15
9.36,134.91,134.47
9.37,134.91,134.64
9.37,134.91,134.91
9.38,134.91,135.10
9.38,134.92,135.63
9.39,134.92,135.63
9.39,134.92,135.53
9.40,134.92,135.97
9.40,134.92,136.29
9.41,134.92,136.98
9.41,134.92,137.28
9.42,134.92,137.14
9.42,134.92,137.47
9.43,134.92,137.72
9.43,134.92,137.89
9.44,134.92,137.87
9.44,134.92,138.29
9.45,134.92,137.89
9.45,134.92,138.86
9.46,134.92,138.38
9.46,134.92,138.52
9.47,134.92,138.74
9.48,134.92,138.96
9.48,134.92,139.14
9.48,134.92,139.28
9.49,134.92,139.52
9.50,134.92,139.78
9.50,134.92,139.79
9.51,134.92,139.90
9.52,134.92,139.93
9.52,134.92,140.50
9.52,134.92,140.53
9.53,134.92,140.59
9.53,134.92,140.76
9.54,134.92,140.81
9.55,134.92,141.21
9.55,134.92,141.12
9.56,134.92,140.89
9.56,134.92,141.09
9.57,134.92,140.64
9.57,134.93,141.09
9.58,134.93,141.06
9.58,134.93,141.36
9.59,134.93,141.53
9.59,134.93,141.63
9.60,134.93,141.57
9.60,134.93,141.84
9.61,134.93,142.11
9.61,134.93,141.65
9.62,134.93,141.76
9.62,134.93,141.69
9.63,134.93,141.67
9.63,134.93,141.70
9.64,134.93,141.75
9.64,134.93,141.90
9.65,134.93,141.67
9.65,134.93,142.07
9.66,134.93,141.87
9.66,134.93,142.19
9.67,134.93,142.05
9.67,134.93,142.17
9.68,134.93,142.21
9.69,134.93,141.84
9.69,134.93,141.86
9.70,134.93,142.15
9.70,134.93,142.32
9.71,134.93,142.44
9.71,134.93,142.16
9.72,134.93,142.51
9.72,134.93,141.95
9.73,134.93,142.12
9.73,134.93,142.31
9.74,134.93,142.28
9.74,134.93,142.30
9.75,134.93,142.08
9.75,134.93,142.31
9.76,134.93,142.30
9.77,134.93,142.00
9.77,134.93,142.31
9.77,134.93,141.72
9.78,134.93,141.90
9.78,134.93,141.70
9.79,134.94,141.55
9.80,134.94,141.52
9.80,134.94,141.47
9.81,134.94,141.14
9.81,134.94,140.96
9.82,134.94,140.97
9.82,134.94,141.11
9.83,134.94,141.22
9.84,134.94,141.30
9.84,134.94,141.34
9.85,134.94,141.19
9.85,134.94,141.26
9.86,134.94,141.06
9.86,134.94,141.19
9.87,134.94,141.38
9.87,134.94,141.62
9.88,134.94,141.33
9.88,134.94,141.30
9.89,134.94,141.00
9.89,134.94,141.36
9.90,134.94,140.73
9.90,134.94,141.10
9.91,134.94,140.99
9.91,134.94,140.88
9.92,134.94,141.27
9.92,134.94,140.74
9.93,134.94,141.04
9.93,134.94,140.91
9.94,134.94,140.89
9.94,134.94,140.49
9.95,134.94,140.77
9.95,134.94,140.68
9.96,134.94,140.64
9.96,134.94,140.78
9.97,134.94,140.75
9.97,134.94,140.64
9.98,134.94,140.70
9.99,134.94,140.47
9.99,134.94,140.42
10.00,134.94,140.29
10.00,134.94,139.94
10.01,134.94,140.30
10.01,134.94,140.31
10.02,134.94,139.87
10.02,134.94,139.98
10.03,134.94,139.89
10.03,134.94,139.70
10.04,134.94,139.37
10.05,134.94,139.45
10.05,134.95,139.22
10.06,134.95,139.28
10.06,134.95,138.79
10.07,134.95,138.91
10.07,134.95,138.39
10.08,134.95,138.33
10.08,134.95,138.05
10.09,134.95,138.00
10.09,134.95,138.00
10.10,134.95,137.82
10.10,134.95,138.33
10.11,134.95,138.06
10.11,134.95,137.68
10.12,134.95,137.81
10.12,134.95,137.49
10.13,134.95,137.36
10.13,134.95,137.37
10.14,134.95,137.02
10.14,134.95,136.52
10.15,134.95,136.79
10.15,134.95,136.28
10.16,134.95,136.39
10.16,134.95,135.83
10.17,134.95,135.60
10.18,134.95,135.00
10.18,134.95,135.31
10.19,134.95,135.31
10.19,134.95,135.13
10.20,134.95,135.18
10.20,134.95,134.86
10.21,134.95,135.06
10.21,134.95,135.08
10.22,134.95,135.00
10.22,134.95,134.92
10.23,134.95,134.86
10.23,134.95,134.62
10.24,134.95,134.42
10.24,134.95,134.38
10.25,134.95,134.22
10.25,134.95,134.16
10.26,134.95,134.08
10.26,134.95,133.99
10.27,134.95,134.29
10.27,134.95,133.86
10.28,134.95,134.27
10.28,134.95,133.85
10.29,134.95,134.18
10.29,134.95,134.27
10.30,134.95,134.11
10.31,134.95,133.67
10.31,134.95,133.66
10.31,134.95,133.07
10.32,134.95,133.48
10.33,134.95,133.31
10.33,134.95,133.14
10.34,134.95,133.43
10.34,134.95,133.27
10.35,134.95,133.14
10.35,134.95,133.27
10.36,134.95,132.96
10.36,134.96,133.15
10.37,134.96,133.08
10.37,134.96,133.26
10.38,134.96,133.21
10.38,134.96,133.80
10.39,134.96,133.11
10.39,134.96,132.98
10.40,134.96,132.96
10.40,134.96,132.63
10.41,134.96,132.79
10.41,134.96,132.49
10.42,134.96,132.70
10.43,134.96,132.56
10.43,134.96,132.36
10.44,134.96,132.41
10.44,134.96,132.54
10.44,134.96,132.40
10.45,134.96,132.50
10.46,134.96,132.63
10.46,134.96,132.51
10.47,134.96,132.70
10.47,134.96,132.63
10.48,134.96,132.75
10.48,134.96,132.91
10.49,134.96,132.89
10.49,134.96,132.99
10.50,134.96,132.70
10.50,134.96,132.48
10.51,134.96,132.32
10.51,134.96,132.62
10.52,134.96,132.46
10.52,134.96,132.50
10.53,134.96,132.37
10.53,134.96,132.34
10.54,134.96,132.45
10.54,134.96,132.20
10.55,134.96,132.07
10.56,134.96,132.35
10.56,134.96,132.40
10.56,134.96,132.63
10.57,134.96,132.46
10.58,134.96,132.44
10.58,134.96,132.83
10.59,134.96,132.97
10.59,134.96,133.15
10.60,134.96,133.39
10.60,134.96,133.60
10.61,134.96,133.74
10.61,134.96,133.90
