-0.25,90,90
0.005,90,90
0.01,90.08,90.97
0.01,90.24,90.96
0.02,90.40,91.13
0.02,90.56,91.50
0.03,90.72,91.98
0.03,90.87,91.08
0.04,91.03,91.05
0.04,91.19,91.50
0.05,91.34,91.49
0.05,91.50,91.04
0.06,91.65,91.03
0.06,91.81,90.61
0.07,91.96,91.12
0.07,92.11,91.12
0.08,92.27,90.90
0.08,92.42,91.32
0.09,92.57,91.25
0.09,92.72,91.22
0.10,92.87,91.40
0.10,93.02,90.99
0.11,93.17,90.96
0.12,93.32,90.75
0.12,93.47,91.07
0.13,93.61,90.84
0.13,93.76,91.00
0.14,93.91,90.67
0.14,94.05,90.35
0.15,94.20,90.56
0.15,94.34,90.20
0.16,94.49,90.21
0.16,94.63,90.73
0.17,94.78,90.39
0.18,94.92,90.47
0.18,95.06,90.78
0.19,95.20,90.32
0.19,95.35,90.62
0.20,95.49,90.84
0.20,95.63,90.66
0.21,95.77,90.19
0.21,95.91,90.54
0.22,96.04,89.97
0.22,96.18,89.91
0.23,96.32,89.15
0.23,96.46,90.09
0.24,96.60,90.16
0.24,96.73,89.63
0.25,96.87,90.15
0.25,97.00,90.49
0.26,97.14,90.38
0.26,97.27,91.08
0.27,97.41,90.14
0.27,97.54,90.14
0.28,97.67,90.09
0.28,97.81,90.30
0.29,97.94,90.15
0.29,98.07,89.97
0.30,98.20,90.16
0.30,98.33,90.34
0.31,98.46,90.38
0.31,98.59,90.36
0.32,98.72,90.53
0.32,98.85,90.10
0.33,98.98,90.35
0.34,99.11,90.24
0.34,99.24,90.08
0.35,99.36,90.69
0.35,99.49,90.29
0.35,99.62,90.68
0.36,99.74,90.36
0.37,99.87,90.50
0.37,99.99,90.31
0.37,100.12,90.36
0.38,100.24,90.39
0.39,100.36,90.11
0.39,100.49,90.30
0.40,100.61,90.10
0.40,100.73,89.94
0.41,100.85,90.84
0.41,100.98,90.66
0.42,101.10,90.80
0.43,101.22,90.80
0.43,101.34,91.40
0.44,101.46,91.17
0.44,101.58,91.44
0.45,101.70,91.42
0.45,101.81,90.79
0.45,101.93,90.64
0.46,102.05,90.72
0.47,102.17,90.52
0.47,102.28,90.62
0.48,102.40,90.51
0.48,102.52,90.70
0.49,102.63,89.97
0.49,102.75,90.23
0.50,102.86,90.48
0.50,102.98,89.99
0.51,103.09,89.87
0.51,103.20,90.23
0.52,103.32,90.01
0.52,103.43,89.97
0.53,103.54,90.26
0.53,103.65,90.23
0.54,103.76,89.92
0.54,103.88,90.62
0.55,103.99,90.43
0.55,104.10,90.46
0.56,104.21,90.21
0.56,104.32,90.95
0.57,104.42,90.03
0.57,104.53,90.69
0.58,104.64,90.74
0.58,104.75,91.26
0.59,104.86,90.89
0.59,104.96,90.93
0.60,105.07,90.72
0.60,105.18,90.82
0.61,105.28,90.43
0.61,105.39,90.02
0.62,105.49,90.31
0.62,105.60,90.46
0.63,105.70,90.16
0.63,105.81,89.66
0.64,105.91,89.94
0.65,106.02,89.58
0.65,106.12,89.64
0.65,106.22,90.04
0.66,106.32,90.15
0.67,106.43,90.12
0.67,106.53,90.28
0.68,106.63,90.48
0.68,106.73,90.24
0.69,106.83,90.59
0.69,106.93,90.56
0.70,107.03,90.77
0.70,107.13,90.52
0.71,107.23,90.70
0.71,107.33,90.81
0.72,107.43,90.50
0.72,107.52,90.54
0.73,107.62,90.73
0.74,107.72,90.42
0.74,107.82,90.70
0.75,107.91,90.83
0.75,108.01,90.88
0.75,108.10,91.08
0.76,108.20,91.31
0.77,108.30,90.67
0.77,108.39,91.19
0.78,108.48,91.02
0.78,108.58,90.77
0.79,108.67,90.37
0.79,108.77,90.49
0.80,108.86,90.88
0.80,108.95,91.08
0.81,109.05,91.02
0.81,109.14,91.15
0.82,109.23,91.70
0.82,109.32,91.30
0.83,109.41,91.46
0.83,109.50,91.55
0.84,109.59,91.78
0.84,109.68,92.08
0.85,109.77,91.81
0.85,109.86,92.23
0.86,109.95,91.93
0.86,110.04,91.65
0.87,110.13,91.19
0.87,110.22,91.38
0.88,110.31,91.68
0.88,110.40,92.23
0.89,110.48,92.22
0.89,110.57,92.20
0.90,110.66,91.76
0.90,110.74,92.47
0.91,110.83,92.20
0.91,110.92,92.43
0.92,111.00,92.86
0.92,111.09,92.99
0.93,111.17,92.85
0.93,111.26,93.58
0.94,111.34,93.08
0.95,111.43,93.33
0.95,111.51,93.08
0.95,111.59,92.94
0.96,111.68,92.94
0.96,111.76,92.98
0.97,111.84,93.01
0.98,111.92,93.12
0.98,112.01,92.92
0.99,112.09,93.18
0.99,112.17,93.38
1.00,112.25,93.55
1.00,112.33,93.46
1.01,112.41,93.66
1.01,112.49,93.55
1.02,112.57,93.80
1.02,112.65,93.55
1.03,112.73,94.49
1.03,112.81,94.39
1.04,112.89,94.47
1.04,112.97,94.34
1.05,113.05,94.77
1.05,113.12,94.68
1.06,113.20,94.81
1.07,113.28,95.68
1.07,113.36,96.79
1.08,113.43,96.25
1.08,113.51,96.18
1.09,113.59,95.62
1.09,113.66,96.22
1.10,113.74,96.35
1.10,113.81,96.20
1.11,113.89,96.26
1.11,113.96,96.78
1.12,114.04,96.73
1.12,114.11,96.48
1.13,114.19,96.70
1.13,114.26,96.93
1.14,114.34,96.89
1.14,114.41,97.31
1.15,114.48,97.52
1.15,114.56,97.51
1.16,114.63,97.71
1.16,114.70,98.06
1.17,114.77,98.36
1.17,114.84,98.79
1.18,114.92,98.75
1.18,114.99,99.30
1.19,115.06,99.16
1.19,115.13,99.09
1.20,115.20,99.75
1.20,115.27,99.61
1.21,115.34,99.76
1.21,115.41,99.91
1.22,115.48,99.93
1.22,115.55,100.47
1.23,115.62,100.46
1.24,115.69,100.43
1.24,115.76,100.57
1.25,115.83,101.08
1.25,115.89,101.30
1.25,115.96,102.03
1.26,116.03,102.31
1.26,116.10,102.21
1.27,116.16,102.60
1.28,116.23,101.80
1.28,116.30,102.32
1.29,116.36,102.63
1.29,116.43,103.55
1.30,116.50,103.09
1.30,116.56,103.73
1.31,116.63,104.07
1.31,116.69,104.42
1.32,116.76,104.40
1.32,116.82,104.92
1.33,116.89,105.18
1.33,116.95,105.43
1.34,117.02,105.76
1.34,117.08,105.84
1.35,117.14,105.98
1.35,117.21,106.06
1.36,117.27,106.20
1.36,117.33,106.49
1.37,117.40,106.68
1.37,117.46,107.08
1.38,117.52,107.64
1.38,117.58,107.54
1.39,117.65,108.33
1.40,117.71,108.78
1.40,117.77,108.79
1.41,117.83,109.37
1.41,117.89,109.59
1.42,117.95,109.96
1.42,118.01,110.34
1.43,118.07,110.40
1.43,118.13,110.42
1.44,118.19,110.77
1.44,118.25,110.95
1.45,118.31,110.98
1.45,118.37,111.20
1.46,118.43,111.02
1.46,118.49,111.01
1.47,118.55,111.57
1.47,118.61,111.32
1.48,118.66,111.99
1.48,118.72,112.50
1.49,118.78,112.51
1.50,118.84,112.42
1.50,118.90,112.64
1.51,118.95,113.03
1.51,119.01,113.27
1.52,119.07,114.10
1.52,119.12,114.25
1.53,119.18,114.27
1.53,119.24,114.67
1.54,119.29,115.16
1.54,119.35,115.02
1.55,119.40,115.30
1.55,119.46,115.62
1.56,119.51,116.04
1.57,119.57,116.30
1.57,119.62,116.08
1.58,119.68,115.91
1.58,119.73,116.08
1.59,119.79,116.87
1.59,119.84,117.05
1.60,119.90,117.76
1.61,119.95,117.83
1.61,120.00,118.21
1.62,120.06,118.30
1.62,120.11,118.43
1.63,120.16,118.94
1.63,120.22,118.91
1.64,120.27,119.60
1.64,120.32,119.08
1.65,120.37,119.66
1.65,120.42,119.42
1.66,120.48,119.58
1.66,120.53,119.72
1.67,120.58,119.45
1.67,120.63,119.45
1.68,120.68,120.74
1.69,120.73,120.18
1.69,120.78,120.38
1.70,120.83,120.62
1.70,120.88,120.68
1.71,120.93,120.43
1.71,120.98,121.12
1.72,121.03,121.16
1.72,121.08,120.58
1.73,121.13,120.73
1.73,121.18,121.01
1.74,121.23,120.68
1.74,121.28,120.93
1.75,121.33,121.59
1.76,121.38,121.17
1.76,121.43,121.04
1.77,121.47,121.69
1.77,121.52,121.93
1.78,121.57,121.87
1.78,121.62,121.60
1.79,121.67,121.57
1.79,121.71,121.10
1.80,121.76,121.24
1.80,121.81,120.81
1.81,121.85,120.93
1.81,121.90,120.95
1.82,121.95,121.46
1.83,121.99,121.17
1.83,122.04,121.57
1.84,122.09,121.70
1.84,122.13,121.50
1.85,122.18,121.43
1.85,122.22,122.12
1.86,122.27,121.92
1.86,122.31,122.17
1.87,122.36,122.01
1.87,122.40,122.56
1.88,122.45,122.59
1.88,122.49,122.09
1.89,122.54,122.11
1.89,122.58,122.13
1.90,122.63,122.48
1.90,122.67,122.87
1.91,122.72,123.24
1.92,122.76,122.99
1.92,122.80,123.45
1.93,122.85,123.51
1.93,122.89,123.47
1.94,122.93,123.94
1.94,122.97,123.67
1.95,123.02,123.87
1.95,123.06,123.84
1.96,123.10,124.08
1.97,123.14,124.37
1.97,123.19,123.70
1.98,123.23,123.86
1.98,123.27,124.20
1.98,123.31,124.14
1.99,123.35,123.85
2.00,123.40,124.31
2.00,123.44,124.33
2.01,123.48,125.04
2.02,123.52,125.05
2.02,123.56,124.81
2.03,123.60,124.99
2.03,123.64,124.89
2.04,123.68,125.16
2.04,123.72,124.39
2.05,123.76,124.47
2.05,123.80,124.15
2.06,123.84,124.19
2.06,123.88,124.27
2.07,123.92,124.30
2.07,123.96,124.71
2.08,124.00,124.49
2.08,124.04,124.42
2.09,124.08,124.60
2.09,124.12,124.57
2.10,124.15,125.13
2.10,124.19,124.14
2.11,124.23,123.51
2.12,124.27,123.74
2.12,124.31,123.65
2.13,124.35,123.69
2.13,124.38,123.63
2.14,124.42,124.14
2.14,124.46,124.11
2.15,124.50,123.48
2.15,124.53,123.39
2.16,124.57,123.59
2.16,124.61,123.30
2.17,124.65,123.30
2.17,124.68,123.01
2.18,124.72,122.74
2.18,124.76,122.95
2.19,124.79,122.96
2.19,124.83,123.34
2.20,124.86,122.74
2.20,124.90,122.34
2.21,124.94,121.74
2.22,124.97,121.83
2.22,125.01,121.77
2.23,125.04,121.44
2.23,125.08,121.24
2.24,125.11,120.92
2.24,125.15,121.54
2.25,125.18,121.71
2.25,125.22,121.96
2.26,125.25,121.78
2.26,125.29,121.72
2.27,125.32,121.53
2.27,125.36,122.01
2.28,125.39,121.66
2.28,125.43,121.86
2.29,125.46,121.65
2.29,125.49,122.12
2.30,125.53,121.87
2.31,125.56,122.46
2.31,125.59,122.26
2.32,125.63,122.68
2.32,125.66,122.76
2.33,125.69,122.10
2.33,125.73,122.15
2.34,125.76,121.94
2.35,125.79,121.41
2.35,125.83,122.02
2.36,125.86,122.09
2.36,125.89,121.82
2.37,125.92,122.09
2.37,125.96,122.24
2.38,125.99,122.57
2.38,126.02,122.88
2.39,126.05,122.68
2.39,126.08,122.98
2.40,126.12,122.31
2.40,126.15,122.70
2.41,126.18,122.73
2.41,126.21,122.47
2.42,126.24,122.51
2.42,126.27,122.64
2.43,126.30,123.16
2.43,126.33,122.58
2.44,126.37,122.75
2.44,126.40,122.74
2.45,126.43,122.57
2.46,126.46,122.34
2.46,126.49,122.09
2.47,126.52,122.21
2.47,126.55,122.19
2.48,126.58,121.75
2.48,126.61,121.88
2.49,126.64,121.57
2.49,126.67,121.76
2.50,126.70,121.51
2.50,126.73,121.64
2.51,126.76,121.23
2.51,126.79,121.14
2.52,126.81,121.17
2.52,126.84,120.71
2.53,126.87,120.96
2.53,126.90,120.56
2.54,126.93,120.91
2.54,126.96,120.68
2.55,126.99,120.93
2.56,127.02,120.92
2.56,127.04,120.45
2.57,127.07,120.42
2.57,127.10,120.46
2.58,127.13,120.71
2.58,127.16,120.81
2.59,127.19,120.85
2.59,127.21,120.64
2.60,127.24,121.12
2.60,127.27,120.86
2.61,127.30,121.48
2.61,127.32,121.66
2.62,127.35,121.57
2.62,127.38,121.02
2.63,127.40,120.55
2.63,127.43,121.36
2.64,127.46,121.05
2.65,127.49,121.02
2.65,127.51,120.91
2.66,127.54,121.41
2.66,127.57,121.17
2.67,127.59,121.05
2.67,127.62,121.38
2.68,127.64,120.88
2.69,127.67,121.14
2.69,127.70,121.19
2.70,127.72,121.01
2.70,127.75,121.22
2.71,127.77,121.05
2.71,127.80,121.66
2.72,127.83,121.89
2.72,127.85,121.61
2.73,127.88,122.08
2.73,127.90,122.13
2.74,127.93,122.71
2.74,127.95,122.10
2.75,127.98,122.19
2.75,128.00,122.22
2.76,128.03,122.02
2.76,128.05,122.70
2.77,128.08,122.72
2.78,128.10,123.13
2.78,128.13,122.75
2.79,128.15,122.81
2.79,128.17,123.01
2.80,128.20,122.82
2.80,128.22,122.67
2.81,128.25,122.71
2.81,128.27,122.52
2.82,128.29,122.57
2.82,128.32,122.96
2.83,128.34,123.10
2.83,128.37,123.29
2.84,128.39,123.03
2.84,128.41,123.25
2.85,128.44,123.60
2.85,128.46,123.71
2.86,128.48,123.66
2.87,128.51,123.84
2.87,128.53,123.75
2.88,128.55,123.75
2.88,128.58,124.43
2.89,128.60,124.32
2.89,128.62,124.05
2.90,128.64,124.07
2.90,128.67,124.03
2.91,128.69,124.03
2.91,128.71,123.93
2.92,128.73,123.57
2.92,128.76,123.95
2.93,128.78,123.46
2.93,128.80,123.63
2.94,128.82,123.68
2.94,128.84,123.70
2.95,128.87,123.81
2.95,128.89,123.76
2.96,128.91,123.99
2.97,128.93,123.94
2.97,128.95,123.52
2.98,128.97,123.59
2.98,129.00,123.82
2.99,129.02,123.73
2.99,129.04,123.49
3.00,129.06,123.84
3.00,129.08,123.97
3.01,129.10,124.42
3.01,129.12,124.46
3.02,129.14,124.07
3.03,129.16,123.97
3.03,129.18,123.82
3.04,129.21,123.88
3.04,129.23,124.03
3.05,129.25,124.58
3.05,129.27,124.20
3.06,129.29,123.98
3.06,129.31,123.90
3.07,129.33,124.76
3.07,129.35,124.86
3.08,129.37,124.59
3.09,129.39,124.28
3.09,129.41,124.27
3.10,129.43,124.48
3.10,129.45,124.73
3.11,129.47,124.95
3.11,129.49,125.07
3.12,129.51,125.39
3.12,129.53,125.75
3.13,129.55,125.74
3.13,129.57,126.29
3.14,129.58,125.94
3.14,129.60,126.03
3.15,129.62,126.23
3.15,129.64,126.04
3.16,129.66,126.26
3.16,129.68,126.39
3.17,129.70,126.08
3.17,129.72,126.27
3.18,129.74,126.00
3.18,129.76,126.21
3.19,129.77,125.99
3.20,129.79,126.48
3.20,129.81,126.54
3.21,129.83,126.78
3.21,129.85,126.36
3.22,129.87,126.43
3.22,129.88,126.76
3.23,129.90,126.83
3.23,129.92,127.27
3.24,129.94,127.20
3.24,129.96,127.19
3.25,129.97,127.06
3.25,129.99,127.41
3.26,130.01,127.72
3.26,130.03,127.44
3.27,130.05,127.33
3.27,130.06,127.57
3.28,130.08,127.89
3.28,130.10,127.86
3.29,130.12,128.17
3.30,130.13,128.24
3.30,130.15,128.20
3.31,130.17,128.36
3.31,130.18,128.16
3.32,130.20,128.29
3.32,130.22,128.49
3.33,130.24,128.47
3.33,130.25,128.43
3.34,130.27,128.85
3.34,130.29,128.43
3.35,130.30,128.80
3.35,130.32,128.85
3.36,130.34,129.07
3.37,130.35,128.73
3.37,130.37,129.29
3.38,130.39,128.57
3.38,130.40,129.36
3.39,130.42,129.05
3.39,130.44,129.49
3.40,130.45,129.19
3.40,130.47,129.06
3.41,130.48,129.22
3.41,130.50,128.85
3.42,130.52,129.45
3.42,130.53,129.14
3.43,130.55,128.59
3.43,130.56,128.99
3.44,130.58,128.59
3.44,130.59,128.67
3.45,130.61,128.59
3.45,130.63,128.90
3.46,130.64,128.93
3.46,130.66,128.67
3.47,130.67,129.10
3.47,130.69,128.92
3.48,130.70,128.80
3.48,130.72,129.06
3.49,130.73,129.22
3.49,130.75,129.01
3.50,130.76,128.83
3.50,130.78,129.05
3.51,130.79,129.06
3.51,130.81,128.73
3.52,130.82,128.39
3.52,130.84,128.15
3.53,130.85,128.18
3.54,130.87,127.72
3.54,130.88,127.78
3.55,130.90,127.84
3.55,130.91,127.92
3.56,130.93,127.88
3.56,130.94,127.87
3.57,130.96,128.33
3.57,130.97,128.25
3.58,130.98,128.77
3.59,131.00,128.44
3.59,131.01,128.92
3.60,131.03,128.65
3.60,131.04,128.86
3.61,131.06,128.64
3.61,131.07,128.75
3.62,131.08,128.39
3.62,131.10,128.52
3.63,131.11,128.76
3.63,131.12,129.49
3.64,131.14,128.75
3.65,131.15,128.75
3.65,131.17,128.97
3.66,131.18,128.74
3.66,131.19,128.64
3.67,131.21,128.89
3.67,131.22,128.89
3.68,131.23,129.08
3.68,131.25,129.03
3.69,131.26,129.36
3.69,131.27,129.00
3.70,131.29,129.29
3.70,131.30,129.26
3.71,131.31,129.30
3.71,131.33,129.11
3.72,131.34,129.41
3.72,131.35,129.89
3.73,131.37,129.82
3.73,131.38,129.76
3.74,131.39,129.75
3.74,131.40,130.26
3.75,131.42,130.62
3.76,131.43,130.59
3.76,131.44,130.89
3.77,131.45,130.54
3.77,131.47,130.36
3.78,131.48,130.45
3.78,131.49,130.81
3.79,131.50,130.96
3.79,131.52,130.71
3.80,131.53,130.55
3.80,131.54,130.59
3.81,131.55,131.19
3.81,131.57,130.52
3.82,131.58,131.45
3.82,131.59,131.12
3.83,131.60,131.40
3.83,131.61,131.28
3.84,131.63,131.12
3.85,131.64,131.82
3.85,131.65,131.54
3.86,131.66,131.22
3.86,131.67,131.50
3.87,131.69,131.63
3.87,131.70,131.40
3.88,131.71,131.42
3.88,131.72,131.52
3.89,131.73,131.16
3.89,131.74,131.82
3.90,131.76,131.31
3.90,131.77,131.88
3.91,131.78,131.69
3.91,131.79,131.92
3.92,131.80,131.95
3.93,131.81,131.79
3.93,131.82,131.95
3.94,131.84,132.07
3.94,131.85,132.33
3.95,131.86,131.82
3.95,131.87,131.82
3.96,131.88,131.25
3.97,131.89,131.55
3.97,131.90,131.79
3.98,131.91,131.79
3.98,131.92,131.81
3.98,131.94,131.18
3.99,131.95,131.34
4.00,131.96,131.17
4.00,131.97,131.71
4.01,131.98,131.59
4.01,131.99,131.19
4.02,132.00,131.79
4.02,132.01,131.42
4.03,132.02,131.07
4.03,132.03,131.16
4.04,132.04,130.84
4.04,132.05,131.59
4.05,132.06,131.21
4.05,132.07,131.89
4.06,132.08,131.72
4.06,132.10,132.27
4.07,132.11,132.19
4.08,132.12,131.70
4.08,132.13,131.97
4.09,132.14,131.65
4.09,132.15,131.74
4.10,132.16,131.42
4.10,132.17,131.85
4.11,132.18,131.53
4.11,132.19,131.41
4.12,132.20,131.20
4.12,132.21,131.37
4.13,132.22,131.39
4.13,132.23,131.44
4.14,132.24,130.96
4.14,132.25,131.20
4.15,132.26,131.30
4.15,132.27,131.28
4.16,132.28,131.00
4.17,132.29,130.90
4.17,132.29,130.53
4.18,132.30,130.69
4.18,132.31,130.45
4.19,132.32,130.80
4.19,132.33,130.64
4.20,132.34,130.54
4.20,132.35,130.44
4.21,132.36,130.56
4.21,132.37,130.54
4.22,132.38,130.53
4.22,132.39,130.64
4.23,132.40,131.19
4.23,132.41,130.92
4.24,132.42,130.74
4.24,132.43,130.90
4.25,132.44,130.83
4.25,132.44,130.49
4.26,132.45,130.78
4.27,132.46,130.20
4.27,132.47,130.62
4.28,132.48,131.19
4.28,132.49,130.73
4.29,132.50,130.84
4.29,132.51,130.85
4.30,132.52,131.19
4.30,132.52,131.21
4.31,132.53,131.23
4.32,132.54,131.32
4.32,132.55,131.64
4.32,132.56,131.11
4.33,132.57,131.43
4.34,132.58,131.21
4.34,132.59,131.91
4.35,132.59,132.08
4.35,132.60,131.64
4.36,132.61,131.51
4.36,132.62,132.24
4.37,132.63,132.02
4.37,132.64,131.56
4.38,132.65,131.03
4.39,132.65,131.44
4.39,132.66,131.54
4.40,132.67,130.95
4.40,132.68,131.26
4.41,132.69,131.47
4.41,132.69,130.81
4.42,132.70,131.10
4.42,132.71,130.66
4.43,132.72,130.78
4.43,132.73,130.53
4.44,132.74,130.73
4.44,132.74,130.68
4.45,132.75,130.95
4.45,132.76,130.94
4.46,132.77,131.14
4.46,132.78,130.45
4.47,132.78,130.84
4.47,132.79,130.51
4.48,132.80,130.21
4.48,132.81,130.16
4.49,132.81,130.50
4.49,132.82,131.13
4.50,132.83,131.24
4.50,132.84,130.67
4.51,132.85,130.98
4.52,132.85,130.85
4.52,132.86,131.08
4.53,132.87,131.29
4.53,132.88,130.98
4.54,132.88,131.33
4.54,132.89,130.94
4.55,132.90,130.66
4.55,132.91,130.91
4.56,132.91,130.97
4.56,132.92,131.18
4.57,132.93,131.07
4.57,132.94,131.29
4.58,132.94,131.56
4.58,132.95,132.11
4.59,132.96,131.73
4.59,132.96,131.94
4.60,132.97,132.45
4.61,132.98,132.19
4.61,132.99,132.33
4.61,132.99,132.68
4.62,133.00,132.63
4.63,133.01,132.90
4.63,133.01,132.86
4.64,133.02,132.74
4.65,133.03,132.90
4.65,133.04,132.31
4.66,133.04,132.33
4.66,133.05,132.05
4.67,133.06,133.14
4.67,133.06,133.00
4.68,133.07,132.82
4.68,133.08,133.51
4.69,133.08,133.54
4.69,133.09,133.24
4.70,133.10,132.68
4.70,133.10,132.85
4.71,133.11,133.36
4.71,133.12,133.44
4.72,133.12,133.44
4.73,133.13,134.00
4.73,133.14,133.66
4.74,133.14,133.99
4.74,133.15,133.88
4.75,133.16,133.92
4.75,133.16,133.97
4.76,133.17,134.11
4.76,133.18,134.30
4.77,133.18,134.15
4.77,133.19,134.13
4.78,133.20,134.40
4.78,133.20,134.45
4.79,133.21,134.40
4.79,133.22,134.39
4.80,133.22,134.21
4.80,133.23,134.32
4.81,133.23,134.76
4.81,133.24,134.35
4.82,133.25,134.76
4.82,133.25,134.61
4.83,133.26,134.77
4.83,133.27,134.97
4.84,133.27,134.59
4.85,133.28,135.15
4.85,133.28,135.64
4.86,133.29,135.35
4.86,133.30,135.59
4.87,133.30,135.20
4.87,133.31,135.39
4.88,133.31,135.50
4.88,133.32,134.67
4.89,133.33,134.92
4.89,133.33,135.29
4.90,133.34,135.41
4.90,133.34,135.25
4.91,133.35,135.11
4.91,133.36,135.20
4.92,133.36,134.57
4.92,133.37,134.47
4.93,133.37,133.97
4.93,133.38,134.37
4.94,133.38,134.47
4.95,133.39,134.24
4.95,133.40,134.28
4.96,133.40,134.56
4.96,133.41,134.38
4.97,133.41,134.41
4.97,133.42,134.54
4.98,133.42,134.50
4.98,133.43,134.51
4.99,133.44,134.57
5.00,133.44,134.78
5.00,133.45,134.59
5.01,133.45,134.54
5.01,133.46,134.58
5.01,133.46,134.28
5.02,133.47,134.13
5.03,133.47,134.31
5.03,133.48,134.01
5.04,133.49,133.87
5.04,133.49,134.23
5.05,133.50,134.38
5.05,133.50,134.46
5.06,133.51,133.93
5.06,133.51,134.10
5.07,133.52,133.95
5.07,133.52,134.10
5.08,133.53,133.26
5.08,133.53,133.36
5.09,133.54,133.45
5.09,133.54,132.94
5.10,133.55,132.70
5.10,133.55,132.69
5.11,133.56,132.25
5.11,133.56,132.45
5.12,133.57,132.49
5.13,133.57,132.03
5.13,133.58,132.28
5.14,133.58,131.75
5.14,133.59,131.75
5.15,133.59,131.69
5.15,133.60,131.89
5.16,133.60,131.65
5.16,133.61,131.64
5.17,133.61,131.71
5.17,133.62,131.67
5.18,133.62,131.82
5.18,133.63,131.66
5.19,133.63,131.76
5.19,133.64,131.85
5.20,133.64,131.83
5.20,133.65,132.01
5.21,133.65,132.02
5.21,133.66,131.77
5.22,133.66,131.95
5.22,133.67,132.09
5.23,133.67,131.92
5.23,133.68,132.24
5.24,133.68,132.12
5.25,133.69,132.24
5.25,133.69,132.08
5.26,133.70,131.82
5.26,133.70,132.32
5.27,133.70,132.05
5.27,133.71,132.42
5.28,133.71,133.24
5.28,133.72,132.98
5.29,133.72,133.32
5.30,133.73,133.59
5.30,133.73,133.36
5.30,133.74,133.10
5.31,133.74,133.09
5.32,133.75,133.13
5.32,133.75,133.38
5.32,133.75,133.34
5.33,133.76,133.91
5.34,133.76,133.54
5.34,133.77,134.17
5.35,133.77,134.01
5.35,133.78,134.29
5.36,133.78,134.24
5.36,133.78,134.13
5.37,133.79,134.38
5.37,133.79,134.06
5.38,133.80,134.58
5.39,133.80,134.47
5.39,133.81,134.30
5.40,133.81,134.25
5.40,133.81,134.51
5.41,133.82,134.34
5.41,133.82,134.50
5.42,133.83,134.42
5.42,133.83,134.47
5.43,133.84,134.04
5.43,133.84,134.28
5.44,133.84,134.32
5.44,133.85,134.17
5.45,133.85,134.33
5.45,133.86,134.34
5.46,133.86,134.25
5.46,133.86,134.03
5.47,133.87,134.17
5.47,133.87,133.97
5.48,133.88,134.18
5.49,133.88,134.27
5.49,133.88,133.95
5.50,133.89,134.10
5.50,133.89,134.57
5.51,133.90,135.14
5.51,133.90,135.27
5.52,133.90,135.00
5.52,133.91,134.72
5.53,133.91,134.98
5.53,133.92,134.91
5.54,133.92,135.19
5.54,133.92,135.07
5.55,133.93,135.16
5.55,133.93,134.70
5.56,133.93,134.76
5.56,133.94,134.78
5.57,133.94,134.85
5.57,133.95,134.85
5.58,133.95,134.43
5.59,133.95,134.11
5.59,133.96,134.22
5.59,133.96,134.40
5.60,133.96,134.18
5.61,133.97,133.58
5.61,133.97,133.29
5.62,133.98,133.15
5.62,133.98,133.57
5.63,133.98,133.60
5.64,133.99,133.46
5.64,133.99,133.45
5.65,133.99,133.67
5.65,134.00,133.45
5.66,134.00,133.38
5.66,134.00,133.30
5.67,134.01,133.48
5.67,134.01,133.42
5.68,134.01,133.20
5.68,134.02,133.31
5.69,134.02,133.30
5.69,134.03,133.65
5.70,134.03,133.48
5.70,134.03,133.76
5.71,134.04,133.61
5.71,134.04,133.14
5.72,134.04,133.78
5.72,134.05,133.77
5.73,134.05,133.65
5.73,134.05,133.57
5.74,134.06,133.50
5.74,134.06,133.45
5.75,134.06,133.57
5.75,134.07,133.20
5.76,134.07,133.56
5.77,134.07,133.88
5.77,134.08,133.62
5.78,134.08,133.91
5.78,134.08,133.54
5.79,134.09,134.20
5.79,134.09,134.24
5.80,134.09,134.14
5.80,134.10,134.70
