-0.25,90,90
0.005,90,90
0.01,90.41,91.01
0.01,91.23,91.02
0.02,92.03,91.04
0.02,92.82,91.24
0.03,93.60,91.63
0.03,94.36,91.80
0.04,95.10,91.32
0.04,95.83,91.80
0.05,96.55,91.54
0.05,97.26,91.74
0.06,97.95,91.55
0.06,98.63,91.69
0.07,99.30,91.60
0.07,99.95,91.71
0.08,100.60,91.45
0.09,101.23,91.39
0.09,101.85,91.46
0.10,102.46,91.58
0.10,103.05,91.64
0.11,103.64,91.72
0.11,104.22,91.64
0.12,104.78,91.96
0.12,105.34,91.86
0.13,105.88,92.03
0.13,106.41,91.96
0.14,106.94,91.99
0.14,107.45,91.89
0.15,107.96,92.06
0.15,108.46,92.10
0.16,108.94,92.49
0.16,109.42,92.55
0.17,109.89,92.78
0.17,110.35,92.62
0.18,110.80,92.73
0.18,111.25,92.69
0.19,111.68,92.54
0.19,112.11,92.52
0.20,112.53,92.46
0.20,112.94,92.54
0.21,113.35,92.42
0.22,113.75,92.74
0.22,114.14,92.40
0.23,114.52,91.88
0.23,114.90,91.90
0.24,115.26,92.40
0.24,115.63,92.00
0.25,115.98,91.93
0.25,116.33,92.11
0.26,116.67,92.19
0.26,117.01,91.77
0.27,117.34,92.54
0.27,117.66,91.98
0.28,117.98,92.09
0.28,118.29,92.02
0.29,118.60,92.02
0.29,118.90,91.84
0.30,119.20,91.97
0.30,119.49,91.90
0.31,119.77,91.77
0.31,120.05,91.87
0.32,120.33,91.78
0.32,120.60,91.75
0.33,120.86,91.46
0.34,121.12,91.85
0.34,121.37,91.89
0.35,121.62,92.20
0.35,121.87,91.94
0.36,122.11,91.92
0.36,122.35,91.72
0.37,122.58,92.03
0.37,122.81,91.95
0.38,123.03,92.32
0.38,123.25,92.30
0.39,123.47,92.28
0.39,123.68,92.78
0.40,123.89,92.50
0.40,124.09,92.59
0.41,124.29,92.55
0.41,124.49,92.75
0.42,124.68,92.56
0.42,124.87,92.41
0.43,125.05,94.41
0.44,125.24,93.52
0.44,125.42,93.10
0.45,125.59,93.60
0.45,125.76,93.57
0.46,125.93,93.83
0.46,126.10,93.50
0.47,126.26,93.71
0.47,126.42,93.66
0.48,126.58,93.88
0.48,126.74,93.73
0.49,126.89,94.29
0.49,127.04,94.62
0.50,127.18,94.56
0.50,127.33,94.33
0.51,127.47,94.66
0.51,127.61,94.83
0.52,127.74,95.32
0.52,127.87,95.62
0.53,128.01,95.81
0.53,128.13,96.33
0.54,128.26,96.04
0.54,128.38,95.84
0.55,128.50,95.84
0.55,128.62,96.05
0.56,128.74,96.48
0.56,128.86,96.75
0.57,128.97,96.63
0.57,129.08,96.78
0.58,129.19,97.02
0.58,129.29,97.10
0.59,129.40,97.63
0.60,129.50,97.73
0.60,129.60,98.74
0.61,129.70,99.18
0.61,129.80,99.68
0.62,129.89,100.29
0.62,129.99,100.42
0.63,130.08,100.06
0.63,130.17,99.47
0.64,130.26,100.24
0.64,130.35,100.93
0.65,130.43,100.41
0.65,130.52,101.33
0.66,130.60,101.03
0.66,130.68,101.74
0.67,130.76,102.22
0.67,130.84,102.15
0.68,130.91,103.02
0.69,130.99,103.38
0.69,131.06,103.33
0.70,131.13,103.44
0.70,131.20,104.03
0.71,131.27,103.97
0.71,131.34,104.49
0.72,131.41,104.55
0.73,131.48,104.49
0.73,131.54,104.97
0.74,131.60,105.05
0.74,131.67,106.14
0.75,131.73,107.11
0.75,131.79,108.01
0.75,131.85,108.02
0.76,131.90,107.81
0.77,131.96,108.03
0.77,132.02,108.50
0.78,132.07,108.94
0.78,132.13,109.04
0.79,132.18,109.69
0.79,132.23,109.91
0.80,132.28,110.27
0.80,132.33,110.67
0.81,132.38,110.73
0.81,132.43,110.75
0.82,132.47,110.90
0.82,132.52,110.90
0.83,132.57,111.05
0.84,132.61,111.82
0.84,132.66,112.78
0.85,132.70,113.18
0.85,132.74,113.31
0.86,132.78,113.69
0.86,132.82,114.26
0.87,132.86,115.03
0.87,132.90,115.42
0.88,132.94,115.38
0.88,132.98,115.59
0.89,133.02,115.88
0.89,133.05,116.96
0.90,133.09,117.80
0.90,133.12,118.16
0.91,133.16,119.21
0.91,133.19,119.13
0.92,133.22,120.02
0.93,133.26,120.56
0.93,133.29,121.02
0.94,133.32,120.94
0.94,133.35,120.77
0.95,133.38,120.91
0.95,133.41,120.00
0.96,133.44,120.59
0.96,133.47,121.63
0.97,133.50,121.29
0.97,133.52,121.83
0.98,133.55,122.17
0.98,133.58,122.44
0.99,133.60,122.67
0.99,133.63,123.36
1.00,133.65,123.54
1.00,133.68,123.73
1.01,133.70,124.72
1.01,133.73,125.06
1.02,133.75,125.43
1.03,133.77,126.24
1.03,133.80,126.43
1.04,133.82,127.22
1.04,133.84,127.36
1.05,133.86,127.89
1.05,133.88,128.68
1.06,133.90,128.71
1.07,133.92,129.02
1.07,133.94,129.52
1.08,133.96,129.65
1.08,133.98,130.10
1.09,134.00,130.47
1.09,134.02,131.18
1.10,134.04,130.82
1.10,134.05,130.67
1.11,134.07,131.00
1.11,134.09,131.14
1.12,134.11,131.80
1.12,134.12,131.86
1.13,134.14,132.11
1.13,134.15,132.52
1.14,134.17,132.98
1.14,134.18,134.11
1.15,134.20,134.21
1.15,134.21,134.68
1.16,134.23,135.67
1.16,134.24,135.94
1.17,134.26,136.78
1.18,134.27,136.68
1.18,134.28,136.90
1.19,134.30,137.15
1.19,134.31,137.44
1.20,134.32,137.28
1.20,134.33,137.63
1.21,134.35,138.25
1.21,134.36,137.96
1.22,134.37,138.58
1.22,134.38,138.85
1.23,134.39,139.24
1.23,134.40,139.68
1.24,134.42,139.85
1.24,134.43,139.62
1.25,134.44,139.72
1.25,134.45,139.65
1.26,134.46,139.93
1.26,134.47,140.51
1.27,134.48,140.62
1.27,134.49,140.84
1.28,134.50,141.24
1.28,134.51,141.79
1.29,134.51,142.65
1.30,134.52,143.18
1.30,134.53,143.59
1.31,134.54,143.99
1.31,134.55,144.12
1.32,134.56,144.10
1.32,134.57,144.46
1.33,134.57,144.82
1.33,134.58,145.33
1.34,134.59,145.23
1.34,134.60,145.27
1.35,134.60,145.64
1.35,134.61,146.01
1.36,134.62,146.36
1.37,134.63,146.75
1.37,134.63,146.93
1.37,134.64,147.18
1.38,134.65,147.50
1.38,134.65,147.64
1.39,134.66,147.88
1.40,134.66,148.18
1.40,134.67,148.24
1.41,134.68,148.10
1.41,134.68,148.48
1.42,134.69,148.71
1.42,134.69,148.66
1.43,134.70,148.50
1.43,134.71,149.06
1.44,134.71,149.38
1.45,134.72,149.67
1.45,134.72,149.88
1.46,134.73,150.08
1.46,134.73,150.37
1.47,134.74,150.32
1.47,134.74,150.51
1.48,134.75,150.26
1.48,134.75,150.26
1.49,134.76,150.31
1.49,134.76,149.63
1.50,134.76,149.70
1.50,134.77,149.66
1.51,134.77,149.58
1.52,134.78,149.75
1.52,134.78,149.79
1.53,134.79,149.95
1.53,134.79,149.97
1.54,134.79,149.79
1.54,134.80,149.80
1.55,134.80,149.87
1.55,134.80,149.63
1.56,134.81,149.30
1.56,134.81,149.59
1.57,134.81,149.65
1.57,134.82,149.43
1.58,134.82,149.57
1.58,134.82,149.75
1.59,134.83,149.85
1.59,134.83,149.91
1.60,134.83,149.67
1.60,134.84,149.77
1.61,134.84,150.08
1.61,134.84,149.79
1.62,134.85,149.31
1.63,134.85,149.28
1.63,134.85,149.15
1.64,134.85,149.27
1.64,134.86,149.16
1.65,134.86,148.72
1.65,134.86,148.81
1.66,134.86,149.14
1.66,134.87,148.90
1.67,134.87,148.70
1.67,134.87,148.65
1.68,134.87,148.35
1.68,134.88,148.46
1.69,134.88,147.97
1.69,134.88,148.48
1.70,134.88,148.09
1.71,134.89,148.26
1.71,134.89,148.46
1.72,134.89,148.54
1.72,134.89,148.60
1.73,134.89,148.69
1.73,134.90,148.35
1.74,134.90,147.98
1.74,134.90,147.82
1.75,134.90,147.80
1.75,134.90,147.94
1.76,134.91,147.94
1.76,134.91,146.87
1.77,134.91,146.48
1.77,134.91,146.77
1.78,134.91,146.58
1.79,134.91,145.93
1.79,134.92,145.99
1.80,134.92,145.74
1.80,134.92,145.71
1.81,134.92,145.64
1.81,134.92,145.14
1.82,134.92,145.43
1.82,134.92,145.33
1.83,134.93,145.44
1.83,134.93,145.46
1.84,134.93,145.32
1.84,134.93,145.07
1.85,134.93,144.85
1.85,134.93,144.73
1.86,134.93,144.54
1.87,134.93,144.37
1.87,134.94,144.35
1.88,134.94,144.19
1.88,134.94,144.46
1.89,134.94,144.24
1.89,134.94,144.14
1.90,134.94,143.82
1.90,134.94,143.70
1.91,134.94,143.67
1.91,134.94,143.39
1.92,134.95,143.12
1.92,134.95,142.87
1.93,134.95,142.29
1.93,134.95,142.30
1.94,134.95,142.19
1.94,134.95,142.16
1.95,134.95,141.64
1.95,134.95,141.34
1.96,134.95,140.97
1.96,134.95,140.94
1.97,134.95,141.76
1.97,134.96,141.99
1.98,134.96,141.67
1.98,134.96,141.76
1.99,134.96,141.80
2.00,134.96,141.87
2.00,134.96,141.64
2.01,134.96,141.30
2.01,134.96,141.49
2.02,134.96,141.38
2.02,134.96,141.58
2.03,134.96,141.23
2.03,134.96,141.00
2.04,134.96,141.17
2.05,134.97,140.69
2.05,134.97,140.56
2.06,134.97,140.86
2.06,134.97,140.92
2.07,134.97,140.32
2.07,134.97,140.48
2.08,134.97,140.10
2.08,134.97,139.89
2.09,134.97,139.44
2.09,134.97,139.60
2.10,134.97,139.90
2.10,134.97,139.83
2.11,134.97,139.93
2.11,134.97,139.88
2.12,134.97,139.95
2.12,134.97,139.57
2.13,134.97,139.61
2.13,134.97,139.97
2.14,134.98,139.77
2.14,134.98,139.89
2.15,134.98,140.34
2.16,134.98,139.92
2.16,134.98,139.89
2.17,134.98,139.67
2.17,134.98,139.21
2.18,134.98,139.07
2.18,134.98,139.26
2.19,134.98,139.07
2.19,134.98,139.30
2.20,134.98,138.88
2.20,134.98,138.94
2.21,134.98,139.21
2.21,134.98,139.00
2.22,134.98,138.91
2.22,134.98,138.79
2.23,134.98,138.42
2.23,134.98,138.60
2.24,134.98,138.60
2.24,134.98,138.40
2.25,134.98,138.70
2.25,134.98,138.73
2.26,134.98,139.00
2.26,134.98,138.84
2.27,134.98,138.62
2.27,134.98,138.48
2.28,134.99,138.70
2.28,134.99,138.51
2.29,134.99,138.72
2.30,134.99,138.46
2.30,134.99,138.30
2.31,134.99,138.19
2.31,134.99,138.03
2.32,134.99,137.79
2.32,134.99,137.81
2.33,134.99,137.82
2.33,134.99,137.50
2.34,134.99,137.77
2.35,134.99,137.70
2.35,134.99,137.60
2.36,134.99,137.30
2.36,134.99,137.71
2.37,134.99,137.47
2.37,134.99,137.54
2.38,134.99,137.43
2.38,134.99,137.46
2.39,134.99,137.36
2.39,134.99,136.93
2.40,134.99,136.65
2.40,134.99,136.97
2.41,134.99,136.28
2.41,134.99,136.05
2.42,134.99,135.99
2.42,134.99,136.08
2.43,134.99,135.89
2.43,134.99,135.97
2.44,134.99,135.95
2.44,134.99,135.83
2.45,134.99,135.73
2.46,134.99,135.44
2.46,134.99,135.27
2.47,134.99,134.42
2.47,134.99,134.65
2.48,134.99,134.79
2.48,134.99,134.73
2.49,134.99,135.15
2.49,134.99,134.56
2.50,134.99,134.61
2.50,134.99,134.85
2.51,134.99,134.58
2.51,134.99,134.70
2.52,134.99,134.55
2.52,134.99,134.52
2.53,134.99,134.92
2.53,134.99,134.97
2.54,134.99,134.86
2.54,134.99,134.60
2.55,134.99,134.84
2.55,134.99,134.96
2.56,134.99,134.59
2.57,134.99,134.35
2.57,134.99,133.73
2.58,134.99,133.98
2.58,134.99,133.95
2.59,135.00,133.78
2.59,135.00,133.95
2.60,135.00,134.02
2.60,135.00,133.97
2.61,135.00,134.45
2.61,135.00,134.28
2.62,135.00,134.82
2.62,135.00,134.77
2.63,135.00,134.44
2.63,135.00,134.17
2.64,135.00,133.97
2.65,135.00,133.95
2.65,135.00,134.27
2.66,135.00,134.33
2.66,135.00,134.12
2.67,135.00,133.97
2.67,135.00,134.48
2.68,135.00,134.81
2.68,135.00,134.80
2.69,135.00,134.79
2.69,135.00,134.28
2.70,135.00,134.81
2.70,135.00,134.16
2.71,135.00,134.26
2.71,135.00,134.33
2.72,135.00,134.36
2.73,135.00,134.44
2.73,135.00,133.89
2.74,135.00,133.51
2.74,135.00,133.19
2.75,135.00,133.42
2.75,135.00,133.16
2.76,135.00,133.03
2.76,135.00,133.07
2.77,135.00,133.11
2.77,135.00,133.53
2.78,135.00,133.50
2.78,135.00,133.48
2.79,135.00,133.81
2.79,135.00,133.36
2.80,135.00,133.68
2.80,135.00,133.51
2.81,135.00,133.35
2.81,135.00,133.39
2.82,135.00,133.42
2.82,135.00,133.33
2.83,135.00,133.08
2.83,135.00,133.63
2.84,135.00,133.82
2.84,135.00,133.52
2.85,135.00,133.80
2.85,135.00,133.71
2.86,135.00,133.58
2.86,135.00,133.75
2.87,135.00,133.69
2.87,135.00,133.66
2.88,135.00,133.42
2.88,135.00,133.14
2.89,135.00,133.33
2.90,135.00,133.73
2.90,135.00,133.34
2.91,135.00,133.95
2.91,135.00,133.72
2.92,135.00,132.60
2.92,135.00,132.46
2.93,135.00,132.44
2.93,135.00,132.17
2.94,135.00,132.36
2.95,135.00,132.69
2.95,135.00,132.63
2.96,135.00,132.56
2.96,135.00,132.44
2.97,135.00,132.95
2.97,135.00,133.29
2.98,135.00,133.03
2.98,135.00,133.51
2.99,135.00,133.20
2.99,135.00,132.73
3.00,135.00,133.03
3.00,135.00,132.84
3.01,135.00,132.80
3.01,135.00,132.67
3.02,135.00,132.33
3.02,135.00,132.53
3.03,135.00,132.45
3.03,135.00,132.78
3.04,135.00,132.62
3.04,135.00,132.50
3.05,135.00,132.59
3.05,135.00,132.31
3.06,135.00,132.18
3.06,135.00,131.84
3.07,135.00,132.02
3.08,135.00,132.47
3.08,135.00,132.21
3.09,135.00,132.43
3.09,135.00,132.21
3.10,135.00,132.06
3.10,135.00,132.61
3.11,135.00,132.18
3.11,135.00,132.01
3.12,135.00,132.19
3.12,135.00,133.11
3.13,135.00,133.24
3.13,135.00,133.11
3.14,135.00,133.49
3.14,135.00,133.58
3.15,135.00,133.91
3.15,135.00,133.59
3.16,135.00,133.47
3.16,135.00,133.70
3.17,135.00,132.92
3.17,135.00,132.53
3.18,135.00,132.82
3.18,135.00,133.01
3.19,135.00,132.83
3.20,135.00,132.94
3.20,135.00,132.95
3.21,135.00,132.93
3.21,135.00,132.88
3.22,135.00,132.96
3.22,135.00,133.02
3.23,135.00,132.99
3.23,135.00,133.05
3.24,135.00,132.65
3.24,135.00,132.79
3.25,135.00,132.72
3.25,135.00,133.05
3.26,135.00,133.18
3.26,135.00,133.31
3.27,135.00,133.63
3.27,135.00,133.62
3.28,135.00,133.25
3.29,135.00,133.56
3.29,135.00,133.58
3.30,135.00,133.71
3.30,135.00,133.70
3.31,135.00,132.91
3.31,135.00,133.48
3.32,135.00,133.71
3.32,135.00,133.28
3.33,135.00,133.25
3.33,135.00,133.24
3.34,135.00,133.44
3.34,135.00,133.35
3.35,135.00,133.40
3.35,135.00,133.03
3.36,135.00,133.24
3.36,135.00,133.57
3.37,135.00,133.59
3.37,135.00,134.25
3.38,135.00,134.34
3.38,135.00,133.96
3.39,135.00,134.13
3.39,135.00,134.31
3.40,135.00,134.27
3.40,135.00,134.26
3.41,135.00,134.22
3.42,135.00,133.74
3.42,135.00,134.30
3.43,135.00,134.31
3.43,135.00,134.14
3.44,135.00,134.45
3.44,135.00,134.34
3.45,135.00,134.25
3.45,135.00,133.95
3.46,135.00,133.99
3.46,135.00,133.69
3.47,135.00,133.91
3.47,135.00,133.24
3.48,135.00,133.57
3.48,135.00,133.29
3.49,135.00,133.45
3.50,135.00,133.28
3.50,135.00,133.07
3.51,135.00,133.23
3.51,135.00,133.51
3.52,135.00,133.35
3.52,135.00,133.24
3.53,135.00,133.06
3.53,135.00,133.11
3.54,135.00,133.36
3.54,135.00,133.13
3.55,135.00,132.88
3.55,135.00,132.56
3.56,135.00,132.96
3.56,135.00,132.51
3.57,135.00,132.54
3.57,135.00,132.56
3.58,135.00,132.25
3.58,135.00,132.23
3.59,135.00,132.31
3.59,135.00,131.86
3.60,135.00,132.29
3.60,135.00,132.59
3.61,135.00,132.52
3.61,135.00,132.22
3.62,135.00,132.63
3.62,135.00,133.01
3.63,135.00,132.59
3.63,135.00,132.37
3.64,135.00,132.52
3.64,135.00,132.28
3.65,135.00,132.55
3.65,135.00,133.11
3.66,135.00,133.19
3.67,135.00,133.11
3.67,135.00,132.84
3.68,135.00,133.31
3.68,135.00,132.89
3.69,135.00,133.34
3.69,135.00,133.16
3.70,135.00,133.28
3.70,135.00,133.57
3.71,135.00,133.10
3.71,135.00,133.36
3.72,135.00,133.33
3.72,135.00,132.91
3.73,135.00,133.79
3.73,135.00,133.34
3.74,135.00,133.09
3.74,135.00,133.35
3.75,135.00,133.41
3.76,135.00,133.74
3.76,135.00,133.71
3.77,135.00,133.84
3.77,135.00,134.02
3.78,135.00,133.95
3.78,135.00,134.39
3.79,135.00,134.33
3.79,135.00,134.18
3.80,135.00,134.35
3.81,135.00,133.87
3.81,135.00,134.25
3.82,135.00,134.77
3.82,135.00,134.44
3.83,135.00,134.30
3.83,135.00,134.24
3.84,135.00,134.19
3.84,135.00,133.96
3.85,135.00,133.98
3.85,135.00,133.69
3.86,135.00,133.19
3.86,135.00,133.51
3.87,135.00,133.49
3.87,135.00,133.16
3.88,135.00,133.36
3.88,135.00,133.40
3.89,135.00,133.64
3.89,135.00,132.99
3.90,135.00,133.21
3.90,135.00,133.31
3.91,135.00,132.87
3.91,135.00,133.17
3.92,135.00,132.92
3.92,135.00,133.12
3.93,135.00,133.17
3.93,135.00,132.79
3.94,135.00,133.35
3.94,135.00,133.30
3.95,135.00,133.43
3.95,135.00,133.85
3.96,135.00,132.72
3.97,135.00,133.17
3.97,135.00,133.19
3.98,135.00,133.26
3.98,135.00,133.09
3.99,135.00,132.53
3.99,135.00,132.97
4.00,135.00,132.67
4.00,135.00,132.50
4.01,135.00,132.40
4.01,135.00,132.51
4.02,135.00,131.98
4.02,135.00,131.36
4.03,135.00,131.77
4.03,135.00,131.79
4.04,135.00,131.93
4.04,135.00,132.13
4.05,135.00,132.22
4.05,135.00,132.41
4.06,135.00,132.53
4.07,135.00,132.35
4.07,135.00,132.48
4.07,135.00,133.16
4.08,135.00,132.98
4.09,135.00,132.91
4.09,135.00,132.77
4.10,135.00,133.45
4.11,135.00,132.91
4.11,135.00,133.33
4.11,135.00,132.90
4.12,135.00,133.40
4.13,135.00,133.31
4.13,135.00,132.95
4.14,135.00,133.11
4.14,135.00,132.53
4.15,135.00,132.40
4.15,135.00,132.28
4.16,135.00,131.93
4.16,135.00,132.16
4.17,135.00,132.66
4.17,135.00,132.84
4.18,135.00,132.28
4.18,135.00,132.15
4.19,135.00,131.80
4.19,135.00,132.56
4.20,135.00,132.17
4.20,135.00,132.31
4.21,135.00,132.54
4.21,135.00,133.01
4.22,135.00,132.68
4.22,135.00,133.05
4.23,135.00,134.02
4.23,135.00,133.52
4.24,135.00,133.75
4.25,135.00,133.02
4.25,135.00,133.19
4.26,135.00,133.20
4.26,135.00,133.37
4.27,135.00,133.45
4.27,135.00,133.09
4.28,135.00,133.17
4.28,135.00,133.13
4.29,135.00,132.79
4.29,135.00,133.13
4.30,135.00,132.99
4.30,135.00,132.18
4.31,135.00,132.75
4.31,135.00,132.74
4.32,135.00,133.21
4.32,135.00,132.65
4.33,135.00,132.07
4.33,135.00,132.96
4.34,135.00,132.87
4.34,135.00,133.37
4.35,135.00,132.55
4.36,135.00,132.80
4.36,135.00,132.77
4.36,135.00,132.80
4.37,135.00,133.13
4.38,135.00,132.49
4.38,135.00,133.07
4.39,135.00,133.07
4.39,135.00,133.29
4.40,135.00,133.40
4.40,135.00,133.44
4.41,135.00,133.19
4.41,135.00,133.09
4.42,135.00,133.00
4.42,135.00,133.23
4.43,135.00,133.38
4.43,135.00,133.10
4.44,135.00,133.55
4.44,135.00,133.16
4.45,135.00,133.94
4.45,135.00,134.31
4.46,135.00,134.07
4.46,135.00,133.99
4.47,135.00,134.00
4.48,135.00,133.98
4.48,135.00,133.80
4.49,135.00,133.52
4.49,135.00,134.02
4.50,135.00,133.72
4.50,135.00,133.62
4.51,135.00,133.75
4.51,135.00,133.62
4.52,135.00,133.43
4.52,135.00,133.61
4.53,135.00,133.85
4.53,135.00,134.13
4.54,135.00,133.93
4.54,135.00,133.88
4.55,135.00,133.53
4.55,135.00,134.51
4.56,135.00,134.18
4.56,135.00,134.29
4.57,135.00,134.00
4.57,135.00,133.47
4.58,135.00,133.79
4.58,135.00,133.42
4.59,135.00,133.52
4.59,135.00,133.45
4.60,135.00,133.34
4.61,135.00,133.59
4.61,135.00,133.63
4.61,135.00,133.69
4.62,135.00,133.66
4.63,135.00,133.31
4.63,135.00,133.38
4.64,135.00,132.92
4.64,135.00,133.02
4.65,135.00,133.46
4.65,135.00,132.56
4.66,135.00,132.60
4.66,135.00,132.82
4.67,135.00,132.91
4.67,135.00,132.74
4.68,135.00,132.48
4.69,135.00,132.61
4.69,135.00,132.53
4.70,135.00,132.55
4.70,135.00,132.75
4.71,135.00,132.71
4.71,135.00,132.87
4.72,135.00,132.89
4.72,135.00,132.74
4.73,135.00,132.81
4.73,135.00,132.41
4.74,135.00,132.66
4.74,135.00,132.68
4.75,135.00,132.38
4.75,135.00,132.51
4.76,135.00,132.59
4.76,135.00,132.50
4.77,135.00,132.60
4.77,135.00,132.95
4.78,135.00,132.81
4.78,135.00,132.89
4.79,135.00,133.07
4.79,135.00,132.89
4.80,135.00,133.11
4.80,135.00,133.34
4.81,135.00,133.25
4.82,135.00,133.52
4.82,135.00,133.11
4.83,135.00,133.24
4.83,135.00,133.09
4.84,135.00,133.21
4.84,135.00,133.25
4.85,135.00,132.74
4.85,135.00,133.09
4.86,135.00,133.11
4.86,135.00,133.25
4.87,135.00,132.76
4.87,135.00,132.76
4.88,135.00,132.69
4.88,135.00,133.06
4.89,135.00,132.42
4.89,135.00,133.01
4.90,135.00,132.74
4.91,135.00,132.81
4.91,135.00,133.12
4.92,135.00,132.76
4.92,135.00,132.92
4.93,135.00,133.01
4.93,135.00,133.13
4.94,135.00,133.67
4.94,135.00,134.01
4.95,135.00,133.92
4.95,135.00,134.19
4.96,135.00,134.38
4.96,135.00,134.39
4.97,135.00,134.20
4.97,135.00,134.38
4.98,135.00,134.28
4.99,135.00,134.69
4.99,135.00,134.45
5.00,135.00,134.52
5.00,135.00,134.15
5.01,135.00,133.98
5.01,135.00,133.90
5.02,135.00,133.58
5.02,135.00,133.76
5.03,135.00,133.91
5.03,135.00,133.70
5.04,135.00,133.75
5.04,135.00,134.23
5.05,135.00,133.66
5.05,135.00,134.31
5.06,135.00,134.60
5.06,135.00,134.26
5.07,135.00,134.25
5.07,135.00,134.63
5.08,135.00,134.64
5.08,135.00,135.08
5.09,135.00,135.12
5.09,135.00,135.37
5.10,135.00,135.28
5.10,135.00,135.78
5.11,135.00,135.30
5.11,135.00,135.17
5.12,135.00,135.41
5.12,135.00,135.15
5.13,135.00,134.92
5.13,135.00,134.65
5.14,135.00,134.47
5.14,135.00,133.82
5.15,135.00,133.90
5.16,135.00,133.66
5.16,135.00,133.50
5.17,135.00,133.91
5.17,135.00,134.20
5.18,135.00,134.00
5.18,135.00,133.85
5.19,135.00,133.71
5.19,135.00,133.89
5.20,135.00,134.16
5.21,135.00,134.52
5.21,135.00,134.15
5.22,135.00,134.40
5.22,135.00,134.42
5.23,135.00,134.66
5.23,135.00,134.53
5.24,135.00,134.64
5.24,135.00,134.43
5.25,135.00,134.24
5.25,135.00,134.84
5.26,135.00,134.59
5.26,135.00,134.80
5.27,135.00,134.43
5.27,135.00,134.47
5.28,135.00,134.28
5.28,135.00,134.23
5.29,135.00,134.08
5.29,135.00,133.92
5.30,135.00,134.19
5.30,135.00,134.47
5.31,135.00,133.97
5.31,135.00,134.59
5.32,135.00,134.58
5.32,135.00,134.55
5.33,135.00,134.72
5.33,135.00,134.98
5.34,135.00,135.07
5.34,135.00,135.06
5.35,135.00,135.65
5.35,135.00,135.40
5.36,135.00,136.08
5.36,135.00,136.08
5.37,135.00,135.90
5.37,135.00,135.84
5.38,135.00,135.77
5.38,135.00,136.20
5.39,135.00,136.73
5.39,135.00,136.46
5.40,135.00,136.48
5.40,135.00,136.28
5.41,135.00,136.12
5.42,135.00,136.62
5.42,135.00,136.47
5.43,135.00,136.47
5.43,135.00,136.61
5.44,135.00,136.56
5.44,135.00,137.12
5.45,135.00,137.38
5.46,135.00,137.32
5.46,135.00,137.09
5.47,135.00,137.02
5.47,135.00,137.28
5.48,135.00,137.41
5.48,135.00,137.64
5.49,135.00,137.61
5.49,135.00,137.76
5.50,135.00,137.84
5.50,135.00,137.79
5.51,135.00,137.85
5.51,135.00,137.94
5.52,135.00,137.68
5.52,135.00,137.60
5.53,135.00,137.58
5.53,135.00,137.82
5.54,135.00,137.96
5.54,135.00,137.89
5.55,135.00,137.85
5.55,135.00,137.68
5.56,135.00,137.85
5.56,135.00,137.73
5.57,135.00,137.01
5.57,135.00,137.47
5.58,135.00,137.47
5.58,135.00,136.96
5.59,135.00,137.04
5.59,135.00,136.48
5.60,135.00,136.82
5.60,135.00,136.31
5.61,135.00,136.01
5.61,135.00,136.33
5.62,135.00,136.12
5.63,135.00,136.18
5.63,135.00,135.69
5.64,135.00,136.00
5.64,135.00,136.03
5.65,135.00,135.72
5.65,135.00,135.48
5.66,135.00,135.42
5.66,135.00,136.07
5.67,135.00,135.88
5.67,135.00,136.06
5.68,135.00,136.16
5.68,135.00,136.01
5.69,135.00,136.47
5.69,135.00,136.02
